Concurrency Analysis: 
Partial Grafcet de.hsu.grafcet.staticAnalysis.hypergraf.Subgraf@6e0077f
 Dependency: G0 - with initialization type enclosed: 
reachable steps: [10, 11, 12, 13, 14, 15, 16, 17, 18, 19, 20, 21, 22]
concurrent steps: 
11: [12, 13, 14, 15, 16, 18, 19, 20, 21, 22]
12: [11, 13, 14, 15, 16, 17, 19, 20, 21, 22]
13: [11, 12, 14, 15, 16, 17, 18, 20, 21, 22]
14: [11, 12, 13, 15, 16, 17, 18, 19, 21, 22]
15: [11, 12, 13, 14, 16, 17, 18, 19, 20, 22]
16: [11, 12, 13, 14, 15, 17, 18, 19, 20, 21]
17: [12, 13, 14, 15, 16, 18, 19, 20, 21, 22]
18: [11, 13, 14, 15, 16, 17, 19, 20, 21, 22]
19: [11, 12, 14, 15, 16, 17, 18, 20, 21, 22]
20: [11, 12, 13, 15, 16, 17, 18, 19, 21, 22]
21: [11, 12, 13, 14, 16, 17, 18, 19, 20, 22]
22: [11, 12, 13, 14, 15, 17, 18, 19, 20, 21]
Partial Grafcet de.hsu.grafcet.staticAnalysis.hypergraf.Subgraf@2d9333cb
 Dependency: G1 - with initialization type enclosed: 
reachable steps: [102, 103, 104, 105, 106, 107, 108, 109, 110, 101]
concurrent steps: 
Partial Grafcet de.hsu.grafcet.staticAnalysis.hypergraf.Subgraf@3db3612a
 Dependency: G2 - with initialization type enclosed: 
reachable steps: [202, 203, 201, 204]
concurrent steps: 
Partial Grafcet de.hsu.grafcet.staticAnalysis.hypergraf.Subgraf@1b39a81a
 Dependency: G3 - with initialization type enclosed: 
reachable steps: [302, 303, 304, 305, 306, 301]
concurrent steps: 
Partial Grafcet de.hsu.grafcet.staticAnalysis.hypergraf.Subgraf@1de48ffd
 Dependency: G5 - with initialization type enclosed: 
reachable steps: [502, 503, 508, 504, 509, 511, 505, 510, 506, 507, 512, 513, 501]
concurrent steps: 
503: [508, 509, 511, 510]
508: [503, 504, 505, 506, 507]
504: [508, 509, 511, 510]
509: [503, 504, 505, 506, 507]
511: [503, 504, 505, 506, 507]
505: [508, 509, 511, 510]
510: [503, 504, 505, 506, 507]
506: [508, 509, 511, 510]
507: [508, 509, 511, 510]
Partial Grafcet de.hsu.grafcet.staticAnalysis.hypergraf.Subgraf@29ddeae1
 Dependency: G6 - with initialization type enclosed: 
reachable steps: [602, 603, 601]
concurrent steps: 
Partial Grafcet de.hsu.grafcet.staticAnalysis.hypergraf.Subgraf@fc164c1
 Dependency: G7 - with initialization type enclosed: 
reachable steps: [702, 703, 704, 705, 709, 706, 710, 707, 711, 708, 701]
concurrent steps: 
Partial Grafcet de.hsu.grafcet.staticAnalysis.hypergraf.Subgraf@7cbb42e4
 Dependency: GlobalGrafcet - with initialization type initialStep: 
reachable steps: [1, 2, 3, 4]
concurrent steps: 


Concurrency Analysis: 

=== G2 ===

===== after initialization =====
[2s/X202, Ausloeser3, Ausloeser5, Eindruecken2, Foerderband, GUTTEIL, Handling1, Handling7, K2, K3, K51, K52, K71, K72, Kontaktierung5, Lineareinheit1, LineareinheitVor7, LineareinheitZur7, Spannen3, Spannen5, StartTeller, Station1_fertig, Station2_fertig, Station3_fertig, Station5_fertig, StempelIn6, Stoerung2, Stoessel3, Stoessel5, Vereinzelung1, VorVereinzelung1, Zange1, Zange7]
Tran 201: [[1.0,-1.0], [1.0,-1.0], [1.0,-1.0], [1.0,-1.0], [1.0,-1.0], [1.0,-1.0], [1.0,-1.0], [1.0,-1.0], [1.0,-1.0], [1.0,-1.0], [1.0,-1.0], [1.0,-1.0], [1.0,-1.0], [1.0,-1.0], [1.0,-1.0], [1.0,-1.0], [1.0,-1.0], [1.0,-1.0], [1.0,-1.0], [1.0,-1.0], [1.0,-1.0], [1.0,-1.0], [1.0,-1.0], [1.0,-1.0], [1.0,-1.0], [1.0,-1.0], [1.0,-1.0], [1.0,-1.0], [1.0,-1.0], [1.0,-1.0], [1.0,-1.0], [1.0,-1.0], [1.0,-1.0]]
Tran 202: [[1.0,-1.0], [1.0,-1.0], [1.0,-1.0], [1.0,-1.0], [1.0,-1.0], [1.0,-1.0], [1.0,-1.0], [1.0,-1.0], [1.0,-1.0], [1.0,-1.0], [1.0,-1.0], [1.0,-1.0], [1.0,-1.0], [1.0,-1.0], [1.0,-1.0], [1.0,-1.0], [1.0,-1.0], [1.0,-1.0], [1.0,-1.0], [1.0,-1.0], [1.0,-1.0], [1.0,-1.0], [1.0,-1.0], [1.0,-1.0], [1.0,-1.0], [1.0,-1.0], [1.0,-1.0], [1.0,-1.0], [1.0,-1.0], [1.0,-1.0], [1.0,-1.0], [1.0,-1.0], [1.0,-1.0]]
Step 204: [[1.0,-1.0], [1.0,-1.0], [1.0,-1.0], [1.0,-1.0], [1.0,-1.0], [1.0,-1.0], [1.0,-1.0], [1.0,-1.0], [1.0,-1.0], [1.0,-1.0], [1.0,-1.0], [1.0,-1.0], [1.0,-1.0], [1.0,-1.0], [1.0,-1.0], [1.0,-1.0], [1.0,-1.0], [1.0,-1.0], [1.0,-1.0], [1.0,-1.0], [1.0,-1.0], [1.0,-1.0], [1.0,-1.0], [1.0,-1.0], [1.0,-1.0], [1.0,-1.0], [1.0,-1.0], [1.0,-1.0], [1.0,-1.0], [1.0,-1.0], [1.0,-1.0], [1.0,-1.0], [1.0,-1.0]]
Step 202: [[-0.0,0.0], [-0.0,0.0], [-0.0,0.0], [-0.0,0.0], [-0.0,0.0], [-0.0,0.0], [-0.0,0.0], [-0.0,0.0], [-0.0,0.0], [-0.0,0.0], [-0.0,0.0], [-0.0,0.0], [-0.0,0.0], [-0.0,0.0], [-0.0,0.0], [-0.0,0.0], [-0.0,0.0], [-0.0,0.0], [-0.0,0.0], [-0.0,0.0], [-0.0,0.0], [-0.0,0.0], [-0.0,0.0], [-0.0,0.0], [-0.0,0.0], [-0.0,0.0], [-0.0,0.0], [-0.0,0.0], [-0.0,0.0], [-0.0,0.0], [-0.0,0.0], [-0.0,0.0], [-0.0,0.0]]
Step 201: [[1.0,-1.0], [1.0,-1.0], [1.0,-1.0], [1.0,-1.0], [1.0,-1.0], [1.0,-1.0], [1.0,-1.0], [1.0,-1.0], [1.0,-1.0], [1.0,-1.0], [1.0,-1.0], [1.0,-1.0], [1.0,-1.0], [1.0,-1.0], [1.0,-1.0], [1.0,-1.0], [1.0,-1.0], [1.0,-1.0], [1.0,-1.0], [1.0,-1.0], [1.0,-1.0], [1.0,-1.0], [1.0,-1.0], [1.0,-1.0], [1.0,-1.0], [1.0,-1.0], [1.0,-1.0], [1.0,-1.0], [1.0,-1.0], [1.0,-1.0], [1.0,-1.0], [1.0,-1.0], [1.0,-1.0]]
Tran 206: [[1.0,-1.0], [1.0,-1.0], [1.0,-1.0], [1.0,-1.0], [1.0,-1.0], [1.0,-1.0], [1.0,-1.0], [1.0,-1.0], [1.0,-1.0], [1.0,-1.0], [1.0,-1.0], [1.0,-1.0], [1.0,-1.0], [1.0,-1.0], [1.0,-1.0], [1.0,-1.0], [1.0,-1.0], [1.0,-1.0], [1.0,-1.0], [1.0,-1.0], [1.0,-1.0], [1.0,-1.0], [1.0,-1.0], [1.0,-1.0], [1.0,-1.0], [1.0,-1.0], [1.0,-1.0], [1.0,-1.0], [1.0,-1.0], [1.0,-1.0], [1.0,-1.0], [1.0,-1.0], [1.0,-1.0]]
Step 203: [[1.0,-1.0], [1.0,-1.0], [1.0,-1.0], [1.0,-1.0], [1.0,-1.0], [1.0,-1.0], [1.0,-1.0], [1.0,-1.0], [1.0,-1.0], [1.0,-1.0], [1.0,-1.0], [1.0,-1.0], [1.0,-1.0], [1.0,-1.0], [1.0,-1.0], [1.0,-1.0], [1.0,-1.0], [1.0,-1.0], [1.0,-1.0], [1.0,-1.0], [1.0,-1.0], [1.0,-1.0], [1.0,-1.0], [1.0,-1.0], [1.0,-1.0], [1.0,-1.0], [1.0,-1.0], [1.0,-1.0], [1.0,-1.0], [1.0,-1.0], [1.0,-1.0], [1.0,-1.0], [1.0,-1.0]]
Tran 204: [[1.0,-1.0], [1.0,-1.0], [1.0,-1.0], [1.0,-1.0], [1.0,-1.0], [1.0,-1.0], [1.0,-1.0], [1.0,-1.0], [1.0,-1.0], [1.0,-1.0], [1.0,-1.0], [1.0,-1.0], [1.0,-1.0], [1.0,-1.0], [1.0,-1.0], [1.0,-1.0], [1.0,-1.0], [1.0,-1.0], [1.0,-1.0], [1.0,-1.0], [1.0,-1.0], [1.0,-1.0], [1.0,-1.0], [1.0,-1.0], [1.0,-1.0], [1.0,-1.0], [1.0,-1.0], [1.0,-1.0], [1.0,-1.0], [1.0,-1.0], [1.0,-1.0], [1.0,-1.0], [1.0,-1.0]]
Tran 205: [[1.0,-1.0], [1.0,-1.0], [1.0,-1.0], [1.0,-1.0], [1.0,-1.0], [1.0,-1.0], [1.0,-1.0], [1.0,-1.0], [1.0,-1.0], [1.0,-1.0], [1.0,-1.0], [1.0,-1.0], [1.0,-1.0], [1.0,-1.0], [1.0,-1.0], [1.0,-1.0], [1.0,-1.0], [1.0,-1.0], [1.0,-1.0], [1.0,-1.0], [1.0,-1.0], [1.0,-1.0], [1.0,-1.0], [1.0,-1.0], [1.0,-1.0], [1.0,-1.0], [1.0,-1.0], [1.0,-1.0], [1.0,-1.0], [1.0,-1.0], [1.0,-1.0], [1.0,-1.0], [1.0,-1.0]]
Tran 203: [[1.0,-1.0], [1.0,-1.0], [1.0,-1.0], [1.0,-1.0], [1.0,-1.0], [1.0,-1.0], [1.0,-1.0], [1.0,-1.0], [1.0,-1.0], [1.0,-1.0], [1.0,-1.0], [1.0,-1.0], [1.0,-1.0], [1.0,-1.0], [1.0,-1.0], [1.0,-1.0], [1.0,-1.0], [1.0,-1.0], [1.0,-1.0], [1.0,-1.0], [1.0,-1.0], [1.0,-1.0], [1.0,-1.0], [1.0,-1.0], [1.0,-1.0], [1.0,-1.0], [1.0,-1.0], [1.0,-1.0], [1.0,-1.0], [1.0,-1.0], [1.0,-1.0], [1.0,-1.0], [1.0,-1.0]]

===== in progress - Step or tran = 202 =====
[2s/X202, Ausloeser3, Ausloeser5, Eindruecken2, Foerderband, GUTTEIL, Handling1, Handling7, K2, K3, K51, K52, K71, K72, Kontaktierung5, Lineareinheit1, LineareinheitVor7, LineareinheitZur7, Spannen3, Spannen5, StartTeller, Station1_fertig, Station2_fertig, Station3_fertig, Station5_fertig, StempelIn6, Stoerung2, Stoessel3, Stoessel5, Vereinzelung1, VorVereinzelung1, Zange1, Zange7]
Tran 201: [[1.0,-1.0], [1.0,-1.0], [1.0,-1.0], [1.0,-1.0], [1.0,-1.0], [1.0,-1.0], [1.0,-1.0], [1.0,-1.0], [1.0,-1.0], [1.0,-1.0], [1.0,-1.0], [1.0,-1.0], [1.0,-1.0], [1.0,-1.0], [1.0,-1.0], [1.0,-1.0], [1.0,-1.0], [1.0,-1.0], [1.0,-1.0], [1.0,-1.0], [1.0,-1.0], [1.0,-1.0], [1.0,-1.0], [1.0,-1.0], [1.0,-1.0], [1.0,-1.0], [1.0,-1.0], [1.0,-1.0], [1.0,-1.0], [1.0,-1.0], [1.0,-1.0], [1.0,-1.0], [1.0,-1.0]]
Tran 202: [[-0.0,0.0], [-0.0,0.0], [-0.0,0.0], [-0.0,0.0], [-0.0,0.0], [-0.0,0.0], [-0.0,0.0], [-0.0,0.0], [-0.0,0.0], [-0.0,0.0], [-0.0,0.0], [-0.0,0.0], [-0.0,0.0], [-0.0,0.0], [-0.0,0.0], [-0.0,0.0], [-0.0,0.0], [-0.0,0.0], [-0.0,0.0], [-0.0,0.0], [-0.0,0.0], [-0.0,0.0], [-0.0,0.0], [-0.0,0.0], [-0.0,0.0], [-0.0,0.0], [-0.0,0.0], [-0.0,0.0], [-0.0,0.0], [-0.0,0.0], [-0.0,0.0], [-0.0,0.0], [-0.0,0.0]]
Step 204: [[1.0,-1.0], [1.0,-1.0], [1.0,-1.0], [1.0,-1.0], [1.0,-1.0], [1.0,-1.0], [1.0,-1.0], [1.0,-1.0], [1.0,-1.0], [1.0,-1.0], [1.0,-1.0], [1.0,-1.0], [1.0,-1.0], [1.0,-1.0], [1.0,-1.0], [1.0,-1.0], [1.0,-1.0], [1.0,-1.0], [1.0,-1.0], [1.0,-1.0], [1.0,-1.0], [1.0,-1.0], [1.0,-1.0], [1.0,-1.0], [1.0,-1.0], [1.0,-1.0], [1.0,-1.0], [1.0,-1.0], [1.0,-1.0], [1.0,-1.0], [1.0,-1.0], [1.0,-1.0], [1.0,-1.0]]
Step 202: [[-0.0,0.0], [-0.0,0.0], [-0.0,0.0], [-0.0,0.0], [-0.0,0.0], [-0.0,0.0], [-0.0,0.0], [-0.0,0.0], [-0.0,0.0], [-0.0,0.0], [-0.0,0.0], [-0.0,0.0], [-0.0,0.0], [-0.0,0.0], [-0.0,0.0], [-0.0,0.0], [-0.0,0.0], [-0.0,0.0], [-0.0,0.0], [-0.0,0.0], [-0.0,0.0], [-0.0,0.0], [-0.0,0.0], [-0.0,0.0], [-0.0,0.0], [-0.0,0.0], [-0.0,0.0], [-0.0,0.0], [-0.0,0.0], [-0.0,0.0], [-0.0,0.0], [-0.0,0.0], [-0.0,0.0]]
Step 201: [[1.0,-1.0], [1.0,-1.0], [1.0,-1.0], [1.0,-1.0], [1.0,-1.0], [1.0,-1.0], [1.0,-1.0], [1.0,-1.0], [1.0,-1.0], [1.0,-1.0], [1.0,-1.0], [1.0,-1.0], [1.0,-1.0], [1.0,-1.0], [1.0,-1.0], [1.0,-1.0], [1.0,-1.0], [1.0,-1.0], [1.0,-1.0], [1.0,-1.0], [1.0,-1.0], [1.0,-1.0], [1.0,-1.0], [1.0,-1.0], [1.0,-1.0], [1.0,-1.0], [1.0,-1.0], [1.0,-1.0], [1.0,-1.0], [1.0,-1.0], [1.0,-1.0], [1.0,-1.0], [1.0,-1.0]]
Tran 206: [[1.0,-1.0], [1.0,-1.0], [1.0,-1.0], [1.0,-1.0], [1.0,-1.0], [1.0,-1.0], [1.0,-1.0], [1.0,-1.0], [1.0,-1.0], [1.0,-1.0], [1.0,-1.0], [1.0,-1.0], [1.0,-1.0], [1.0,-1.0], [1.0,-1.0], [1.0,-1.0], [1.0,-1.0], [1.0,-1.0], [1.0,-1.0], [1.0,-1.0], [1.0,-1.0], [1.0,-1.0], [1.0,-1.0], [1.0,-1.0], [1.0,-1.0], [1.0,-1.0], [1.0,-1.0], [1.0,-1.0], [1.0,-1.0], [1.0,-1.0], [1.0,-1.0], [1.0,-1.0], [1.0,-1.0]]
Step 203: [[1.0,-1.0], [1.0,-1.0], [1.0,-1.0], [1.0,-1.0], [1.0,-1.0], [1.0,-1.0], [1.0,-1.0], [1.0,-1.0], [1.0,-1.0], [1.0,-1.0], [1.0,-1.0], [1.0,-1.0], [1.0,-1.0], [1.0,-1.0], [1.0,-1.0], [1.0,-1.0], [1.0,-1.0], [1.0,-1.0], [1.0,-1.0], [1.0,-1.0], [1.0,-1.0], [1.0,-1.0], [1.0,-1.0], [1.0,-1.0], [1.0,-1.0], [1.0,-1.0], [1.0,-1.0], [1.0,-1.0], [1.0,-1.0], [1.0,-1.0], [1.0,-1.0], [1.0,-1.0], [1.0,-1.0]]
Tran 204: [[1.0,-1.0], [1.0,-1.0], [1.0,-1.0], [1.0,-1.0], [1.0,-1.0], [1.0,-1.0], [1.0,-1.0], [1.0,-1.0], [1.0,-1.0], [1.0,-1.0], [1.0,-1.0], [1.0,-1.0], [1.0,-1.0], [1.0,-1.0], [1.0,-1.0], [1.0,-1.0], [1.0,-1.0], [1.0,-1.0], [1.0,-1.0], [1.0,-1.0], [1.0,-1.0], [1.0,-1.0], [1.0,-1.0], [1.0,-1.0], [1.0,-1.0], [1.0,-1.0], [1.0,-1.0], [1.0,-1.0], [1.0,-1.0], [1.0,-1.0], [1.0,-1.0], [1.0,-1.0], [1.0,-1.0]]
Tran 205: [[1.0,-1.0], [1.0,-1.0], [1.0,-1.0], [1.0,-1.0], [1.0,-1.0], [1.0,-1.0], [1.0,-1.0], [1.0,-1.0], [1.0,-1.0], [1.0,-1.0], [1.0,-1.0], [1.0,-1.0], [1.0,-1.0], [1.0,-1.0], [1.0,-1.0], [1.0,-1.0], [1.0,-1.0], [1.0,-1.0], [1.0,-1.0], [1.0,-1.0], [1.0,-1.0], [1.0,-1.0], [1.0,-1.0], [1.0,-1.0], [1.0,-1.0], [1.0,-1.0], [1.0,-1.0], [1.0,-1.0], [1.0,-1.0], [1.0,-1.0], [1.0,-1.0], [1.0,-1.0], [1.0,-1.0]]
Tran 203: [[1.0,-1.0], [1.0,-1.0], [1.0,-1.0], [1.0,-1.0], [1.0,-1.0], [1.0,-1.0], [1.0,-1.0], [1.0,-1.0], [1.0,-1.0], [1.0,-1.0], [1.0,-1.0], [1.0,-1.0], [1.0,-1.0], [1.0,-1.0], [1.0,-1.0], [1.0,-1.0], [1.0,-1.0], [1.0,-1.0], [1.0,-1.0], [1.0,-1.0], [1.0,-1.0], [1.0,-1.0], [1.0,-1.0], [1.0,-1.0], [1.0,-1.0], [1.0,-1.0], [1.0,-1.0], [1.0,-1.0], [1.0,-1.0], [1.0,-1.0], [1.0,-1.0], [1.0,-1.0], [1.0,-1.0]]

===== in progress - Step or tran = 202 =====
[2s/X202, Ausloeser3, Ausloeser5, Eindruecken2, Foerderband, GUTTEIL, Handling1, Handling7, K2, K3, K51, K52, K71, K72, Kontaktierung5, Lineareinheit1, LineareinheitVor7, LineareinheitZur7, Spannen3, Spannen5, StartTeller, Station1_fertig, Station2_fertig, Station3_fertig, Station5_fertig, StempelIn6, Stoerung2, Stoessel3, Stoessel5, Vereinzelung1, VorVereinzelung1, Zange1, Zange7]
Tran 201: [[1.0,-1.0], [1.0,-1.0], [1.0,-1.0], [1.0,-1.0], [1.0,-1.0], [1.0,-1.0], [1.0,-1.0], [1.0,-1.0], [1.0,-1.0], [1.0,-1.0], [1.0,-1.0], [1.0,-1.0], [1.0,-1.0], [1.0,-1.0], [1.0,-1.0], [1.0,-1.0], [1.0,-1.0], [1.0,-1.0], [1.0,-1.0], [1.0,-1.0], [1.0,-1.0], [1.0,-1.0], [1.0,-1.0], [1.0,-1.0], [1.0,-1.0], [1.0,-1.0], [1.0,-1.0], [1.0,-1.0], [1.0,-1.0], [1.0,-1.0], [1.0,-1.0], [1.0,-1.0], [1.0,-1.0]]
Tran 202: [[-0.0,0.0], [-0.0,0.0], [-0.0,0.0], [-0.0,0.0], [-0.0,0.0], [-0.0,0.0], [-0.0,0.0], [-0.0,0.0], [-0.0,0.0], [-0.0,0.0], [-0.0,0.0], [-0.0,0.0], [-0.0,0.0], [-0.0,0.0], [-0.0,0.0], [-0.0,0.0], [-0.0,0.0], [-0.0,0.0], [-0.0,0.0], [-0.0,0.0], [-0.0,0.0], [-0.0,0.0], [-0.0,0.0], [-0.0,0.0], [-0.0,0.0], [-0.0,0.0], [-0.0,0.0], [-0.0,0.0], [-0.0,0.0], [-0.0,0.0], [-0.0,0.0], [-0.0,0.0], [-0.0,0.0]]
Step 204: [[1.0,-1.0], [1.0,-1.0], [1.0,-1.0], [1.0,-1.0], [1.0,-1.0], [1.0,-1.0], [1.0,-1.0], [1.0,-1.0], [1.0,-1.0], [1.0,-1.0], [1.0,-1.0], [1.0,-1.0], [1.0,-1.0], [1.0,-1.0], [1.0,-1.0], [1.0,-1.0], [1.0,-1.0], [1.0,-1.0], [1.0,-1.0], [1.0,-1.0], [1.0,-1.0], [1.0,-1.0], [1.0,-1.0], [1.0,-1.0], [1.0,-1.0], [1.0,-1.0], [1.0,-1.0], [1.0,-1.0], [1.0,-1.0], [1.0,-1.0], [1.0,-1.0], [1.0,-1.0], [1.0,-1.0]]
Step 202: [[-0.0,0.0], [-0.0,0.0], [-0.0,0.0], [-0.0,0.0], [-0.0,0.0], [-0.0,0.0], [-0.0,0.0], [-0.0,0.0], [-0.0,0.0], [-0.0,0.0], [-0.0,0.0], [-0.0,0.0], [-0.0,0.0], [-0.0,0.0], [-0.0,0.0], [-0.0,0.0], [-0.0,0.0], [-0.0,0.0], [-0.0,0.0], [-0.0,0.0], [-0.0,0.0], [-0.0,0.0], [-0.0,0.0], [-0.0,0.0], [-0.0,0.0], [-0.0,0.0], [-0.0,0.0], [-0.0,0.0], [-0.0,0.0], [-0.0,0.0], [-0.0,0.0], [-0.0,0.0], [-0.0,0.0]]
Step 201: [[1.0,-1.0], [1.0,-1.0], [1.0,-1.0], [1.0,-1.0], [1.0,-1.0], [1.0,-1.0], [1.0,-1.0], [1.0,-1.0], [1.0,-1.0], [1.0,-1.0], [1.0,-1.0], [1.0,-1.0], [1.0,-1.0], [1.0,-1.0], [1.0,-1.0], [1.0,-1.0], [1.0,-1.0], [1.0,-1.0], [1.0,-1.0], [1.0,-1.0], [1.0,-1.0], [1.0,-1.0], [1.0,-1.0], [1.0,-1.0], [1.0,-1.0], [1.0,-1.0], [1.0,-1.0], [1.0,-1.0], [1.0,-1.0], [1.0,-1.0], [1.0,-1.0], [1.0,-1.0], [1.0,-1.0]]
Tran 206: [[-0.0,0.0], [-0.0,0.0], [-0.0,0.0], [-0.0,0.0], [-0.0,0.0], [-0.0,0.0], [-0.0,0.0], [-0.0,0.0], [-0.0,0.0], [-0.0,0.0], [-0.0,0.0], [-0.0,0.0], [-0.0,0.0], [-0.0,0.0], [-0.0,0.0], [-0.0,0.0], [-0.0,0.0], [-0.0,0.0], [-0.0,0.0], [-0.0,0.0], [-0.0,0.0], [-0.0,0.0], [-0.0,0.0], [-0.0,0.0], [-0.0,0.0], [-0.0,0.0], [-0.0,0.0], [-0.0,0.0], [-0.0,0.0], [-0.0,0.0], [-0.0,0.0], [-0.0,0.0], [-0.0,0.0]]
Step 203: [[1.0,-1.0], [1.0,-1.0], [1.0,-1.0], [1.0,-1.0], [1.0,-1.0], [1.0,-1.0], [1.0,-1.0], [1.0,-1.0], [1.0,-1.0], [1.0,-1.0], [1.0,-1.0], [1.0,-1.0], [1.0,-1.0], [1.0,-1.0], [1.0,-1.0], [1.0,-1.0], [1.0,-1.0], [1.0,-1.0], [1.0,-1.0], [1.0,-1.0], [1.0,-1.0], [1.0,-1.0], [1.0,-1.0], [1.0,-1.0], [1.0,-1.0], [1.0,-1.0], [1.0,-1.0], [1.0,-1.0], [1.0,-1.0], [1.0,-1.0], [1.0,-1.0], [1.0,-1.0], [1.0,-1.0]]
Tran 204: [[1.0,-1.0], [1.0,-1.0], [1.0,-1.0], [1.0,-1.0], [1.0,-1.0], [1.0,-1.0], [1.0,-1.0], [1.0,-1.0], [1.0,-1.0], [1.0,-1.0], [1.0,-1.0], [1.0,-1.0], [1.0,-1.0], [1.0,-1.0], [1.0,-1.0], [1.0,-1.0], [1.0,-1.0], [1.0,-1.0], [1.0,-1.0], [1.0,-1.0], [1.0,-1.0], [1.0,-1.0], [1.0,-1.0], [1.0,-1.0], [1.0,-1.0], [1.0,-1.0], [1.0,-1.0], [1.0,-1.0], [1.0,-1.0], [1.0,-1.0], [1.0,-1.0], [1.0,-1.0], [1.0,-1.0]]
Tran 205: [[1.0,-1.0], [1.0,-1.0], [1.0,-1.0], [1.0,-1.0], [1.0,-1.0], [1.0,-1.0], [1.0,-1.0], [1.0,-1.0], [1.0,-1.0], [1.0,-1.0], [1.0,-1.0], [1.0,-1.0], [1.0,-1.0], [1.0,-1.0], [1.0,-1.0], [1.0,-1.0], [1.0,-1.0], [1.0,-1.0], [1.0,-1.0], [1.0,-1.0], [1.0,-1.0], [1.0,-1.0], [1.0,-1.0], [1.0,-1.0], [1.0,-1.0], [1.0,-1.0], [1.0,-1.0], [1.0,-1.0], [1.0,-1.0], [1.0,-1.0], [1.0,-1.0], [1.0,-1.0], [1.0,-1.0]]
Tran 203: [[1.0,-1.0], [1.0,-1.0], [1.0,-1.0], [1.0,-1.0], [1.0,-1.0], [1.0,-1.0], [1.0,-1.0], [1.0,-1.0], [1.0,-1.0], [1.0,-1.0], [1.0,-1.0], [1.0,-1.0], [1.0,-1.0], [1.0,-1.0], [1.0,-1.0], [1.0,-1.0], [1.0,-1.0], [1.0,-1.0], [1.0,-1.0], [1.0,-1.0], [1.0,-1.0], [1.0,-1.0], [1.0,-1.0], [1.0,-1.0], [1.0,-1.0], [1.0,-1.0], [1.0,-1.0], [1.0,-1.0], [1.0,-1.0], [1.0,-1.0], [1.0,-1.0], [1.0,-1.0], [1.0,-1.0]]

===== termination - result =====
[2s/X202, Ausloeser3, Ausloeser5, Eindruecken2, Foerderband, GUTTEIL, Handling1, Handling7, K2, K3, K51, K52, K71, K72, Kontaktierung5, Lineareinheit1, LineareinheitVor7, LineareinheitZur7, Spannen3, Spannen5, StartTeller, Station1_fertig, Station2_fertig, Station3_fertig, Station5_fertig, StempelIn6, Stoerung2, Stoessel3, Stoessel5, Vereinzelung1, VorVereinzelung1, Zange1, Zange7]
Tran 201: [[1.0,-1.0], [1.0,-1.0], [1.0,-1.0], [1.0,-1.0], [1.0,-1.0], [1.0,-1.0], [1.0,-1.0], [1.0,-1.0], [1.0,-1.0], [1.0,-1.0], [1.0,-1.0], [1.0,-1.0], [1.0,-1.0], [1.0,-1.0], [1.0,-1.0], [1.0,-1.0], [1.0,-1.0], [1.0,-1.0], [1.0,-1.0], [1.0,-1.0], [1.0,-1.0], [1.0,-1.0], [1.0,-1.0], [1.0,-1.0], [1.0,-1.0], [1.0,-1.0], [1.0,-1.0], [1.0,-1.0], [1.0,-1.0], [1.0,-1.0], [1.0,-1.0], [1.0,-1.0], [1.0,-1.0]]
Tran 202: [[-0.0,0.0], [-0.0,0.0], [-0.0,0.0], [-0.0,0.0], [-0.0,0.0], [-0.0,0.0], [-0.0,0.0], [-0.0,0.0], [-0.0,0.0], [-0.0,0.0], [-0.0,0.0], [-0.0,0.0], [-0.0,0.0], [-0.0,0.0], [-0.0,0.0], [-0.0,0.0], [-0.0,0.0], [-0.0,0.0], [-0.0,0.0], [-0.0,0.0], [-0.0,0.0], [-0.0,0.0], [-0.0,0.0], [-0.0,0.0], [-0.0,0.0], [-0.0,0.0], [-0.0,0.0], [-0.0,0.0], [-0.0,0.0], [-0.0,0.0], [-0.0,0.0], [-0.0,0.0], [-0.0,0.0]]
Step 204: [[1.0,-1.0], [1.0,-1.0], [1.0,-1.0], [1.0,-1.0], [1.0,-1.0], [1.0,-1.0], [1.0,-1.0], [1.0,-1.0], [1.0,-1.0], [1.0,-1.0], [1.0,-1.0], [1.0,-1.0], [1.0,-1.0], [1.0,-1.0], [1.0,-1.0], [1.0,-1.0], [1.0,-1.0], [1.0,-1.0], [1.0,-1.0], [1.0,-1.0], [1.0,-1.0], [1.0,-1.0], [1.0,-1.0], [1.0,-1.0], [1.0,-1.0], [1.0,-1.0], [1.0,-1.0], [1.0,-1.0], [1.0,-1.0], [1.0,-1.0], [1.0,-1.0], [1.0,-1.0], [1.0,-1.0]]
Step 202: [[-0.0,0.0], [-0.0,0.0], [-0.0,0.0], [-0.0,0.0], [-0.0,0.0], [-0.0,0.0], [-0.0,0.0], [-0.0,0.0], [-0.0,0.0], [-0.0,0.0], [-0.0,0.0], [-0.0,0.0], [-0.0,0.0], [-0.0,0.0], [-0.0,0.0], [-0.0,0.0], [-0.0,0.0], [-0.0,0.0], [-0.0,0.0], [-0.0,0.0], [-0.0,0.0], [-0.0,0.0], [-0.0,0.0], [-0.0,0.0], [-0.0,0.0], [-0.0,0.0], [-0.0,0.0], [-0.0,0.0], [-0.0,0.0], [-0.0,0.0], [-0.0,0.0], [-0.0,0.0], [-0.0,0.0]]
Step 201: [[1.0,-1.0], [1.0,-1.0], [1.0,-1.0], [1.0,-1.0], [1.0,-1.0], [1.0,-1.0], [1.0,-1.0], [1.0,-1.0], [1.0,-1.0], [1.0,-1.0], [1.0,-1.0], [1.0,-1.0], [1.0,-1.0], [1.0,-1.0], [1.0,-1.0], [1.0,-1.0], [1.0,-1.0], [1.0,-1.0], [1.0,-1.0], [1.0,-1.0], [1.0,-1.0], [1.0,-1.0], [1.0,-1.0], [1.0,-1.0], [1.0,-1.0], [1.0,-1.0], [1.0,-1.0], [1.0,-1.0], [1.0,-1.0], [1.0,-1.0], [1.0,-1.0], [1.0,-1.0], [1.0,-1.0]]
Tran 206: [[-0.0,0.0], [-0.0,0.0], [-0.0,0.0], [-0.0,0.0], [-0.0,0.0], [-0.0,0.0], [-0.0,0.0], [-0.0,0.0], [-0.0,0.0], [-0.0,0.0], [-0.0,0.0], [-0.0,0.0], [-0.0,0.0], [-0.0,0.0], [-0.0,0.0], [-0.0,0.0], [-0.0,0.0], [-0.0,0.0], [-0.0,0.0], [-0.0,0.0], [-0.0,0.0], [-0.0,0.0], [-0.0,0.0], [-0.0,0.0], [-0.0,0.0], [-0.0,0.0], [-0.0,0.0], [-0.0,0.0], [-0.0,0.0], [-0.0,0.0], [-0.0,0.0], [-0.0,0.0], [-0.0,0.0]]
Step 203: [[1.0,-1.0], [1.0,-1.0], [1.0,-1.0], [1.0,-1.0], [1.0,-1.0], [1.0,-1.0], [1.0,-1.0], [1.0,-1.0], [1.0,-1.0], [1.0,-1.0], [1.0,-1.0], [1.0,-1.0], [1.0,-1.0], [1.0,-1.0], [1.0,-1.0], [1.0,-1.0], [1.0,-1.0], [1.0,-1.0], [1.0,-1.0], [1.0,-1.0], [1.0,-1.0], [1.0,-1.0], [1.0,-1.0], [1.0,-1.0], [1.0,-1.0], [1.0,-1.0], [1.0,-1.0], [1.0,-1.0], [1.0,-1.0], [1.0,-1.0], [1.0,-1.0], [1.0,-1.0], [1.0,-1.0]]
Tran 204: [[1.0,-1.0], [1.0,-1.0], [1.0,-1.0], [1.0,-1.0], [1.0,-1.0], [1.0,-1.0], [1.0,-1.0], [1.0,-1.0], [1.0,-1.0], [1.0,-1.0], [1.0,-1.0], [1.0,-1.0], [1.0,-1.0], [1.0,-1.0], [1.0,-1.0], [1.0,-1.0], [1.0,-1.0], [1.0,-1.0], [1.0,-1.0], [1.0,-1.0], [1.0,-1.0], [1.0,-1.0], [1.0,-1.0], [1.0,-1.0], [1.0,-1.0], [1.0,-1.0], [1.0,-1.0], [1.0,-1.0], [1.0,-1.0], [1.0,-1.0], [1.0,-1.0], [1.0,-1.0], [1.0,-1.0]]
Tran 205: [[1.0,-1.0], [1.0,-1.0], [1.0,-1.0], [1.0,-1.0], [1.0,-1.0], [1.0,-1.0], [1.0,-1.0], [1.0,-1.0], [1.0,-1.0], [1.0,-1.0], [1.0,-1.0], [1.0,-1.0], [1.0,-1.0], [1.0,-1.0], [1.0,-1.0], [1.0,-1.0], [1.0,-1.0], [1.0,-1.0], [1.0,-1.0], [1.0,-1.0], [1.0,-1.0], [1.0,-1.0], [1.0,-1.0], [1.0,-1.0], [1.0,-1.0], [1.0,-1.0], [1.0,-1.0], [1.0,-1.0], [1.0,-1.0], [1.0,-1.0], [1.0,-1.0], [1.0,-1.0], [1.0,-1.0]]
Tran 203: [[1.0,-1.0], [1.0,-1.0], [1.0,-1.0], [1.0,-1.0], [1.0,-1.0], [1.0,-1.0], [1.0,-1.0], [1.0,-1.0], [1.0,-1.0], [1.0,-1.0], [1.0,-1.0], [1.0,-1.0], [1.0,-1.0], [1.0,-1.0], [1.0,-1.0], [1.0,-1.0], [1.0,-1.0], [1.0,-1.0], [1.0,-1.0], [1.0,-1.0], [1.0,-1.0], [1.0,-1.0], [1.0,-1.0], [1.0,-1.0], [1.0,-1.0], [1.0,-1.0], [1.0,-1.0], [1.0,-1.0], [1.0,-1.0], [1.0,-1.0], [1.0,-1.0], [1.0,-1.0], [1.0,-1.0]]


 ----