Reachability and Concurrency analysis: 

Partial Grafcet de.hsu.grafcet.staticAnalysis.hypergraf.Subgraf@6922ec01
 Dependency: G0 - with initialization type enclosed: 
reachable steps: [10, 11, 12, 13, 14, 15, 16, 17, 18, 19, 20, 21, 22]
concurrent steps: 
11: [12, 13, 14, 15, 16, 18, 19, 20, 21, 22]
12: [11, 13, 14, 15, 16, 17, 19, 20, 21, 22]
13: [11, 12, 14, 15, 16, 17, 18, 20, 21, 22]
14: [11, 12, 13, 15, 16, 17, 18, 19, 21, 22]
15: [11, 12, 13, 14, 16, 17, 18, 19, 20, 22]
16: [11, 12, 13, 14, 15, 17, 18, 19, 20, 21]
17: [12, 13, 14, 15, 16, 18, 19, 20, 21, 22]
18: [11, 13, 14, 15, 16, 17, 19, 20, 21, 22]
19: [11, 12, 14, 15, 16, 17, 18, 20, 21, 22]
20: [11, 12, 13, 15, 16, 17, 18, 19, 21, 22]
21: [11, 12, 13, 14, 16, 17, 18, 19, 20, 22]
22: [11, 12, 13, 14, 15, 17, 18, 19, 20, 21]
Partial Grafcet de.hsu.grafcet.staticAnalysis.hypergraf.Subgraf@73fecda4
 Dependency: G1 - with initialization type enclosed: 
reachable steps: [102, 103, 104, 105, 106, 107, 108, 109, 110, 101]
concurrent steps: 
Partial Grafcet de.hsu.grafcet.staticAnalysis.hypergraf.Subgraf@6a4c7795
 Dependency: G2 - with initialization type enclosed: 
reachable steps: [202, 203, 201, 204]
concurrent steps: 
Partial Grafcet de.hsu.grafcet.staticAnalysis.hypergraf.Subgraf@c1a8598
 Dependency: G3 - with initialization type enclosed: 
reachable steps: [302, 303, 304, 305, 306, 301]
concurrent steps: 
Partial Grafcet de.hsu.grafcet.staticAnalysis.hypergraf.Subgraf@722622fe
 Dependency: G5 - with initialization type enclosed: 
reachable steps: [502, 503, 508, 504, 509, 511, 505, 510, 506, 507, 512, 513, 501]
concurrent steps: 
503: [508, 509, 511, 510]
508: [503, 504, 505, 506, 507]
504: [508, 509, 511, 510]
509: [503, 504, 505, 506, 507]
511: [503, 504, 505, 506, 507]
505: [508, 509, 511, 510]
510: [503, 504, 505, 506, 507]
506: [508, 509, 511, 510]
507: [508, 509, 511, 510]
Partial Grafcet de.hsu.grafcet.staticAnalysis.hypergraf.Subgraf@77b052f3
 Dependency: G6 - with initialization type enclosed: 
reachable steps: [602, 603, 601]
concurrent steps: 
Partial Grafcet de.hsu.grafcet.staticAnalysis.hypergraf.Subgraf@7ec9734f
 Dependency: G7 - with initialization type enclosed: 
reachable steps: [702, 703, 704, 705, 709, 706, 710, 707, 711, 708, 701]
concurrent steps: 
Partial Grafcet de.hsu.grafcet.staticAnalysis.hypergraf.Subgraf@2288871b
 Dependency: GlobalGrafcet - with initialization type initialStep: 
reachable steps: [1, 2, 3, 4]
concurrent steps: 


 global Concurrncy:
19:  [11, 12, 14, 15, 16, 17, 18, 20, 21, 22]
104:  [202, 203, 201, 204, 302, 303, 304, 305, 306, 301, 502, 503, 508, 504, 509, 511, 505, 510, 506, 507, 512, 513, 501, 602, 603, 601, 702, 703, 704, 705, 709, 706, 710, 707, 711, 708, 701]
204:  [102, 103, 104, 105, 106, 107, 108, 109, 110, 101, 302, 303, 304, 305, 306, 301, 502, 503, 508, 504, 509, 511, 505, 510, 506, 507, 512, 513, 501, 602, 603, 601, 702, 703, 704, 705, 709, 706, 710, 707, 711, 708, 701]
2:  []
509:  [503, 504, 505, 506, 507, 102, 103, 104, 105, 106, 107, 108, 109, 110, 101, 202, 203, 201, 204, 302, 303, 304, 305, 306, 301, 602, 603, 601, 702, 703, 704, 705, 709, 706, 710, 707, 711, 708, 701]
506:  [508, 509, 511, 510, 102, 103, 104, 105, 106, 107, 108, 109, 110, 101, 202, 203, 201, 204, 302, 303, 304, 305, 306, 301, 602, 603, 601, 702, 703, 704, 705, 709, 706, 710, 707, 711, 708, 701]
4:  []
12:  [11, 13, 14, 15, 16, 17, 19, 20, 21, 22]
708:  [102, 103, 104, 105, 106, 107, 108, 109, 110, 101, 202, 203, 201, 204, 302, 303, 304, 305, 306, 301, 502, 503, 508, 504, 509, 511, 505, 510, 506, 507, 512, 513, 501, 602, 603, 601]
601:  [102, 103, 104, 105, 106, 107, 108, 109, 110, 101, 202, 203, 201, 204, 302, 303, 304, 305, 306, 301, 502, 503, 508, 504, 509, 511, 505, 510, 506, 507, 512, 513, 501, 702, 703, 704, 705, 709, 706, 710, 707, 711, 708, 701]
705:  [102, 103, 104, 105, 106, 107, 108, 109, 110, 101, 202, 203, 201, 204, 302, 303, 304, 305, 306, 301, 502, 503, 508, 504, 509, 511, 505, 510, 506, 507, 512, 513, 501, 602, 603, 601]
301:  [102, 103, 104, 105, 106, 107, 108, 109, 110, 101, 202, 203, 201, 204, 502, 503, 508, 504, 509, 511, 505, 510, 506, 507, 512, 513, 501, 602, 603, 601, 702, 703, 704, 705, 709, 706, 710, 707, 711, 708, 701]
110:  [202, 203, 201, 204, 302, 303, 304, 305, 306, 301, 502, 503, 508, 504, 509, 511, 505, 510, 506, 507, 512, 513, 501, 602, 603, 601, 702, 703, 704, 705, 709, 706, 710, 707, 711, 708, 701]
512:  [102, 103, 104, 105, 106, 107, 108, 109, 110, 101, 202, 203, 201, 204, 302, 303, 304, 305, 306, 301, 602, 603, 601, 702, 703, 704, 705, 709, 706, 710, 707, 711, 708, 701]
18:  [11, 13, 14, 15, 16, 17, 19, 20, 21, 22]
11:  [12, 13, 14, 15, 16, 18, 19, 20, 21, 22]
16:  [11, 12, 13, 14, 15, 17, 18, 19, 20, 21]
511:  [503, 504, 505, 506, 507, 102, 103, 104, 105, 106, 107, 108, 109, 110, 101, 202, 203, 201, 204, 302, 303, 304, 305, 306, 301, 602, 603, 601, 702, 703, 704, 705, 709, 706, 710, 707, 711, 708, 701]
602:  [102, 103, 104, 105, 106, 107, 108, 109, 110, 101, 202, 203, 201, 204, 302, 303, 304, 305, 306, 301, 502, 503, 508, 504, 509, 511, 505, 510, 506, 507, 512, 513, 501, 702, 703, 704, 705, 709, 706, 710, 707, 711, 708, 701]
109:  [202, 203, 201, 204, 302, 303, 304, 305, 306, 301, 502, 503, 508, 504, 509, 511, 505, 510, 506, 507, 512, 513, 501, 602, 603, 601, 702, 703, 704, 705, 709, 706, 710, 707, 711, 708, 701]
505:  [508, 509, 511, 510, 102, 103, 104, 105, 106, 107, 108, 109, 110, 101, 202, 203, 201, 204, 302, 303, 304, 305, 306, 301, 602, 603, 601, 702, 703, 704, 705, 709, 706, 710, 707, 711, 708, 701]
101:  [202, 203, 201, 204, 302, 303, 304, 305, 306, 301, 502, 503, 508, 504, 509, 511, 505, 510, 506, 507, 512, 513, 501, 602, 603, 601, 702, 703, 704, 705, 709, 706, 710, 707, 711, 708, 701]
13:  [11, 12, 14, 15, 16, 17, 18, 20, 21, 22]
201:  [102, 103, 104, 105, 106, 107, 108, 109, 110, 101, 302, 303, 304, 305, 306, 301, 502, 503, 508, 504, 509, 511, 505, 510, 506, 507, 512, 513, 501, 602, 603, 601, 702, 703, 704, 705, 709, 706, 710, 707, 711, 708, 701]
702:  [102, 103, 104, 105, 106, 107, 108, 109, 110, 101, 202, 203, 201, 204, 302, 303, 304, 305, 306, 301, 502, 503, 508, 504, 509, 511, 505, 510, 506, 507, 512, 513, 501, 602, 603, 601]
710:  [102, 103, 104, 105, 106, 107, 108, 109, 110, 101, 202, 203, 201, 204, 302, 303, 304, 305, 306, 301, 502, 503, 508, 504, 509, 511, 505, 510, 506, 507, 512, 513, 501, 602, 603, 601]
706:  [102, 103, 104, 105, 106, 107, 108, 109, 110, 101, 202, 203, 201, 204, 302, 303, 304, 305, 306, 301, 502, 503, 508, 504, 509, 511, 505, 510, 506, 507, 512, 513, 501, 602, 603, 601]
701:  [102, 103, 104, 105, 106, 107, 108, 109, 110, 101, 202, 203, 201, 204, 302, 303, 304, 305, 306, 301, 502, 503, 508, 504, 509, 511, 505, 510, 506, 507, 512, 513, 501, 602, 603, 601]
15:  [11, 12, 13, 14, 16, 17, 18, 19, 20, 22]
704:  [102, 103, 104, 105, 106, 107, 108, 109, 110, 101, 202, 203, 201, 204, 302, 303, 304, 305, 306, 301, 502, 503, 508, 504, 509, 511, 505, 510, 506, 507, 512, 513, 501, 602, 603, 601]
603:  [102, 103, 104, 105, 106, 107, 108, 109, 110, 101, 202, 203, 201, 204, 302, 303, 304, 305, 306, 301, 502, 503, 508, 504, 509, 511, 505, 510, 506, 507, 512, 513, 501, 702, 703, 704, 705, 709, 706, 710, 707, 711, 708, 701]
1:  []
105:  [202, 203, 201, 204, 302, 303, 304, 305, 306, 301, 502, 503, 508, 504, 509, 511, 505, 510, 506, 507, 512, 513, 501, 602, 603, 601, 702, 703, 704, 705, 709, 706, 710, 707, 711, 708, 701]
305:  [102, 103, 104, 105, 106, 107, 108, 109, 110, 101, 202, 203, 201, 204, 502, 503, 508, 504, 509, 511, 505, 510, 506, 507, 512, 513, 501, 602, 603, 601, 702, 703, 704, 705, 709, 706, 710, 707, 711, 708, 701]
707:  [102, 103, 104, 105, 106, 107, 108, 109, 110, 101, 202, 203, 201, 204, 302, 303, 304, 305, 306, 301, 502, 503, 508, 504, 509, 511, 505, 510, 506, 507, 512, 513, 501, 602, 603, 601]
103:  [202, 203, 201, 204, 302, 303, 304, 305, 306, 301, 502, 503, 508, 504, 509, 511, 505, 510, 506, 507, 512, 513, 501, 602, 603, 601, 702, 703, 704, 705, 709, 706, 710, 707, 711, 708, 701]
302:  [102, 103, 104, 105, 106, 107, 108, 109, 110, 101, 202, 203, 201, 204, 502, 503, 508, 504, 509, 511, 505, 510, 506, 507, 512, 513, 501, 602, 603, 601, 702, 703, 704, 705, 709, 706, 710, 707, 711, 708, 701]
507:  [508, 509, 511, 510, 102, 103, 104, 105, 106, 107, 108, 109, 110, 101, 202, 203, 201, 204, 302, 303, 304, 305, 306, 301, 602, 603, 601, 702, 703, 704, 705, 709, 706, 710, 707, 711, 708, 701]
108:  [202, 203, 201, 204, 302, 303, 304, 305, 306, 301, 502, 503, 508, 504, 509, 511, 505, 510, 506, 507, 512, 513, 501, 602, 603, 601, 702, 703, 704, 705, 709, 706, 710, 707, 711, 708, 701]
102:  [202, 203, 201, 204, 302, 303, 304, 305, 306, 301, 502, 503, 508, 504, 509, 511, 505, 510, 506, 507, 512, 513, 501, 602, 603, 601, 702, 703, 704, 705, 709, 706, 710, 707, 711, 708, 701]
106:  [202, 203, 201, 204, 302, 303, 304, 305, 306, 301, 502, 503, 508, 504, 509, 511, 505, 510, 506, 507, 512, 513, 501, 602, 603, 601, 702, 703, 704, 705, 709, 706, 710, 707, 711, 708, 701]
504:  [508, 509, 511, 510, 102, 103, 104, 105, 106, 107, 108, 109, 110, 101, 202, 203, 201, 204, 302, 303, 304, 305, 306, 301, 602, 603, 601, 702, 703, 704, 705, 709, 706, 710, 707, 711, 708, 701]
202:  [102, 103, 104, 105, 106, 107, 108, 109, 110, 101, 302, 303, 304, 305, 306, 301, 502, 503, 508, 504, 509, 511, 505, 510, 506, 507, 512, 513, 501, 602, 603, 601, 702, 703, 704, 705, 709, 706, 710, 707, 711, 708, 701]
503:  [508, 509, 511, 510, 102, 103, 104, 105, 106, 107, 108, 109, 110, 101, 202, 203, 201, 204, 302, 303, 304, 305, 306, 301, 602, 603, 601, 702, 703, 704, 705, 709, 706, 710, 707, 711, 708, 701]
21:  [11, 12, 13, 14, 16, 17, 18, 19, 20, 22]
508:  [503, 504, 505, 506, 507, 102, 103, 104, 105, 106, 107, 108, 109, 110, 101, 202, 203, 201, 204, 302, 303, 304, 305, 306, 301, 602, 603, 601, 702, 703, 704, 705, 709, 706, 710, 707, 711, 708, 701]
304:  [102, 103, 104, 105, 106, 107, 108, 109, 110, 101, 202, 203, 201, 204, 502, 503, 508, 504, 509, 511, 505, 510, 506, 507, 512, 513, 501, 602, 603, 601, 702, 703, 704, 705, 709, 706, 710, 707, 711, 708, 701]
502:  [102, 103, 104, 105, 106, 107, 108, 109, 110, 101, 202, 203, 201, 204, 302, 303, 304, 305, 306, 301, 602, 603, 601, 702, 703, 704, 705, 709, 706, 710, 707, 711, 708, 701]
14:  [11, 12, 13, 15, 16, 17, 18, 19, 21, 22]
703:  [102, 103, 104, 105, 106, 107, 108, 109, 110, 101, 202, 203, 201, 204, 302, 303, 304, 305, 306, 301, 502, 503, 508, 504, 509, 511, 505, 510, 506, 507, 512, 513, 501, 602, 603, 601]
303:  [102, 103, 104, 105, 106, 107, 108, 109, 110, 101, 202, 203, 201, 204, 502, 503, 508, 504, 509, 511, 505, 510, 506, 507, 512, 513, 501, 602, 603, 601, 702, 703, 704, 705, 709, 706, 710, 707, 711, 708, 701]
17:  [12, 13, 14, 15, 16, 18, 19, 20, 21, 22]
306:  [102, 103, 104, 105, 106, 107, 108, 109, 110, 101, 202, 203, 201, 204, 502, 503, 508, 504, 509, 511, 505, 510, 506, 507, 512, 513, 501, 602, 603, 601, 702, 703, 704, 705, 709, 706, 710, 707, 711, 708, 701]
711:  [102, 103, 104, 105, 106, 107, 108, 109, 110, 101, 202, 203, 201, 204, 302, 303, 304, 305, 306, 301, 502, 503, 508, 504, 509, 511, 505, 510, 506, 507, 512, 513, 501, 602, 603, 601]
510:  [503, 504, 505, 506, 507, 102, 103, 104, 105, 106, 107, 108, 109, 110, 101, 202, 203, 201, 204, 302, 303, 304, 305, 306, 301, 602, 603, 601, 702, 703, 704, 705, 709, 706, 710, 707, 711, 708, 701]
3:  []
709:  [102, 103, 104, 105, 106, 107, 108, 109, 110, 101, 202, 203, 201, 204, 302, 303, 304, 305, 306, 301, 502, 503, 508, 504, 509, 511, 505, 510, 506, 507, 512, 513, 501, 602, 603, 601]
501:  [102, 103, 104, 105, 106, 107, 108, 109, 110, 101, 202, 203, 201, 204, 302, 303, 304, 305, 306, 301, 602, 603, 601, 702, 703, 704, 705, 709, 706, 710, 707, 711, 708, 701]
20:  [11, 12, 13, 15, 16, 17, 18, 19, 21, 22]
203:  [102, 103, 104, 105, 106, 107, 108, 109, 110, 101, 302, 303, 304, 305, 306, 301, 502, 503, 508, 504, 509, 511, 505, 510, 506, 507, 512, 513, 501, 602, 603, 601, 702, 703, 704, 705, 709, 706, 710, 707, 711, 708, 701]
107:  [202, 203, 201, 204, 302, 303, 304, 305, 306, 301, 502, 503, 508, 504, 509, 511, 505, 510, 506, 507, 512, 513, 501, 602, 603, 601, 702, 703, 704, 705, 709, 706, 710, 707, 711, 708, 701]
10:  []
22:  [11, 12, 13, 14, 15, 17, 18, 19, 20, 21]
513:  [102, 103, 104, 105, 106, 107, 108, 109, 110, 101, 202, 203, 201, 204, 302, 303, 304, 305, 306, 301, 602, 603, 601, 702, 703, 704, 705, 709, 706, 710, 707, 711, 708, 701]
