Reachability and Concurrency analysis: 

Partial Grafcet de.hsu.grafcet.staticAnalysis.hypergraf.Subgraf@1a095397
 Dependency: G0 - with initialization type enclosed: 
reachable steps: [10, 11, 12, 13, 14, 15, 16, 17, 18, 19, 20, 21, 22]
concurrent steps: 
11: [12, 13, 14, 15, 16, 18, 19, 20, 21, 22]
12: [11, 13, 14, 15, 16, 17, 19, 20, 21, 22]
13: [11, 12, 14, 15, 16, 17, 18, 20, 21, 22]
14: [11, 12, 13, 15, 16, 17, 18, 19, 21, 22]
15: [11, 12, 13, 14, 16, 17, 18, 19, 20, 22]
16: [11, 12, 13, 14, 15, 17, 18, 19, 20, 21]
17: [12, 13, 14, 15, 16, 18, 19, 20, 21, 22]
18: [11, 13, 14, 15, 16, 17, 19, 20, 21, 22]
19: [11, 12, 14, 15, 16, 17, 18, 20, 21, 22]
20: [11, 12, 13, 15, 16, 17, 18, 19, 21, 22]
21: [11, 12, 13, 14, 16, 17, 18, 19, 20, 22]
22: [11, 12, 13, 14, 15, 17, 18, 19, 20, 21]
Partial Grafcet de.hsu.grafcet.staticAnalysis.hypergraf.Subgraf@3450be54
 Dependency: G1 - with initialization type enclosed: 
reachable steps: [102, 103, 104, 105, 106, 107, 108, 109, 110, 101]
concurrent steps: 
Partial Grafcet de.hsu.grafcet.staticAnalysis.hypergraf.Subgraf@38e9c415
 Dependency: G2 - with initialization type enclosed: 
reachable steps: [202, 203, 201, 204]
concurrent steps: 
Partial Grafcet de.hsu.grafcet.staticAnalysis.hypergraf.Subgraf@51c82e8b
 Dependency: G3 - with initialization type enclosed: 
reachable steps: [302, 303, 304, 305, 306, 301]
concurrent steps: 
Partial Grafcet de.hsu.grafcet.staticAnalysis.hypergraf.Subgraf@10d5ace
 Dependency: G5 - with initialization type enclosed: 
reachable steps: [501, 502, 503, 508, 504, 509, 511, 505, 510, 506, 507, 512, 513]
concurrent steps: 
501: [502, 503, 508, 504, 509, 511, 505, 510, 506, 507, 512, 513]
502: [501, 503, 508, 504, 509, 511, 505, 510, 506, 507, 512, 513]
503: [501, 502, 508, 504, 509, 511, 505, 510, 506, 507, 512, 513]
508: [501, 502, 503, 504, 509, 511, 505, 510, 506, 507, 512, 513]
504: [501, 502, 503, 508, 509, 511, 505, 510, 506, 507, 512, 513]
509: [501, 502, 503, 508, 504, 511, 505, 510, 506, 507, 512, 513]
511: [501, 502, 503, 508, 504, 509, 505, 510, 506, 507, 512, 513]
505: [501, 502, 503, 508, 504, 509, 511, 510, 506, 507, 512, 513]
510: [501, 502, 503, 508, 504, 509, 511, 505, 506, 507, 512, 513]
506: [501, 502, 503, 508, 504, 509, 511, 505, 510, 507, 512, 513]
507: [501, 502, 503, 508, 504, 509, 511, 505, 510, 506, 512, 513]
512: [501, 502, 503, 508, 504, 509, 511, 505, 510, 506, 507, 513]
513: [501, 502, 503, 508, 504, 509, 511, 505, 510, 506, 507, 512]
Partial Grafcet de.hsu.grafcet.staticAnalysis.hypergraf.Subgraf@301ee6a5
 Dependency: G6 - with initialization type enclosed: 
reachable steps: [602, 603, 601]
concurrent steps: 
Partial Grafcet de.hsu.grafcet.staticAnalysis.hypergraf.Subgraf@46a155df
 Dependency: G7 - with initialization type enclosed: 
reachable steps: [702, 703, 704, 705, 709, 706, 710, 707, 711, 708, 701]
concurrent steps: 
Partial Grafcet de.hsu.grafcet.staticAnalysis.hypergraf.Subgraf@65e19526
 Dependency: GlobalGrafcet - with initialization type initialStep: 
reachable steps: [1, 2, 3, 4]
concurrent steps: 
Partial Grafcet de.hsu.grafcet.staticAnalysis.hypergraf.Subgraf@10d5ace
 Dependency: G5 - with initialization type sourceTransition: 
reachable steps: [501, 502, 503, 508, 504, 509, 511, 505, 510, 506, 507, 512, 513]
concurrent steps: 
501: [502, 503, 508, 504, 509, 511, 505, 510, 506, 507, 512, 513]
502: [501, 503, 508, 504, 509, 511, 505, 510, 506, 507, 512, 513]
503: [501, 502, 508, 504, 509, 511, 505, 510, 506, 507, 512, 513]
508: [501, 502, 503, 504, 509, 511, 505, 510, 506, 507, 512, 513]
504: [501, 502, 503, 508, 509, 511, 505, 510, 506, 507, 512, 513]
509: [501, 502, 503, 508, 504, 511, 505, 510, 506, 507, 512, 513]
511: [501, 502, 503, 508, 504, 509, 505, 510, 506, 507, 512, 513]
505: [501, 502, 503, 508, 504, 509, 511, 510, 506, 507, 512, 513]
510: [501, 502, 503, 508, 504, 509, 511, 505, 506, 507, 512, 513]
506: [501, 502, 503, 508, 504, 509, 511, 505, 510, 507, 512, 513]
507: [501, 502, 503, 508, 504, 509, 511, 505, 510, 506, 512, 513]
512: [501, 502, 503, 508, 504, 509, 511, 505, 510, 506, 507, 513]
513: [501, 502, 503, 508, 504, 509, 511, 505, 510, 506, 507, 512]


 global Concurrncy:
4:  []
102:  [202, 203, 201, 204, 302, 303, 304, 305, 306, 301, 501, 502, 503, 508, 504, 509, 511, 505, 510, 506, 507, 512, 513, 602, 603, 601, 702, 703, 704, 705, 709, 706, 710, 707, 711, 708, 701]
103:  [202, 203, 201, 204, 302, 303, 304, 305, 306, 301, 501, 502, 503, 508, 504, 509, 511, 505, 510, 506, 507, 512, 513, 602, 603, 601, 702, 703, 704, 705, 709, 706, 710, 707, 711, 708, 701]
106:  [202, 203, 201, 204, 302, 303, 304, 305, 306, 301, 501, 502, 503, 508, 504, 509, 511, 505, 510, 506, 507, 512, 513, 602, 603, 601, 702, 703, 704, 705, 709, 706, 710, 707, 711, 708, 701]
305:  [102, 103, 104, 105, 106, 107, 108, 109, 110, 101, 202, 203, 201, 204, 501, 502, 503, 508, 504, 509, 511, 505, 510, 506, 507, 512, 513, 602, 603, 601, 702, 703, 704, 705, 709, 706, 710, 707, 711, 708, 701]
601:  [102, 103, 104, 105, 106, 107, 108, 109, 110, 101, 202, 203, 201, 204, 302, 303, 304, 305, 306, 301, 501, 502, 503, 508, 504, 509, 511, 505, 510, 506, 507, 512, 513, 702, 703, 704, 705, 709, 706, 710, 707, 711, 708, 701]
705:  [102, 103, 104, 105, 106, 107, 108, 109, 110, 101, 202, 203, 201, 204, 302, 303, 304, 305, 306, 301, 501, 502, 503, 508, 504, 509, 511, 505, 510, 506, 507, 512, 513, 602, 603, 601]
17:  [12, 13, 14, 15, 16, 18, 19, 20, 21, 22]
302:  [102, 103, 104, 105, 106, 107, 108, 109, 110, 101, 202, 203, 201, 204, 501, 502, 503, 508, 504, 509, 511, 505, 510, 506, 507, 512, 513, 602, 603, 601, 702, 703, 704, 705, 709, 706, 710, 707, 711, 708, 701]
702:  [102, 103, 104, 105, 106, 107, 108, 109, 110, 101, 202, 203, 201, 204, 302, 303, 304, 305, 306, 301, 501, 502, 503, 508, 504, 509, 511, 505, 510, 506, 507, 512, 513, 602, 603, 601]
109:  [202, 203, 201, 204, 302, 303, 304, 305, 306, 301, 501, 502, 503, 508, 504, 509, 511, 505, 510, 506, 507, 512, 513, 602, 603, 601, 702, 703, 704, 705, 709, 706, 710, 707, 711, 708, 701]
710:  [102, 103, 104, 105, 106, 107, 108, 109, 110, 101, 202, 203, 201, 204, 302, 303, 304, 305, 306, 301, 501, 502, 503, 508, 504, 509, 511, 505, 510, 506, 507, 512, 513, 602, 603, 601]
306:  [102, 103, 104, 105, 106, 107, 108, 109, 110, 101, 202, 203, 201, 204, 501, 502, 503, 508, 504, 509, 511, 505, 510, 506, 507, 512, 513, 602, 603, 601, 702, 703, 704, 705, 709, 706, 710, 707, 711, 708, 701]
104:  [202, 203, 201, 204, 302, 303, 304, 305, 306, 301, 501, 502, 503, 508, 504, 509, 511, 505, 510, 506, 507, 512, 513, 602, 603, 601, 702, 703, 704, 705, 709, 706, 710, 707, 711, 708, 701]
509:  [501, 502, 503, 508, 504, 511, 505, 510, 506, 507, 512, 513, 102, 103, 104, 105, 106, 107, 108, 109, 110, 101, 202, 203, 201, 204, 302, 303, 304, 305, 306, 301, 602, 603, 601, 702, 703, 704, 705, 709, 706, 710, 707, 711, 708, 701]
511:  [501, 502, 503, 508, 504, 509, 505, 510, 506, 507, 512, 513, 102, 103, 104, 105, 106, 107, 108, 109, 110, 101, 202, 203, 201, 204, 302, 303, 304, 305, 306, 301, 602, 603, 601, 702, 703, 704, 705, 709, 706, 710, 707, 711, 708, 701]
507:  [501, 502, 503, 508, 504, 509, 511, 505, 510, 506, 512, 513, 102, 103, 104, 105, 106, 107, 108, 109, 110, 101, 202, 203, 201, 204, 302, 303, 304, 305, 306, 301, 602, 603, 601, 702, 703, 704, 705, 709, 706, 710, 707, 711, 708, 701]
202:  [102, 103, 104, 105, 106, 107, 108, 109, 110, 101, 302, 303, 304, 305, 306, 301, 501, 502, 503, 508, 504, 509, 511, 505, 510, 506, 507, 512, 513, 602, 603, 601, 702, 703, 704, 705, 709, 706, 710, 707, 711, 708, 701]
301:  [102, 103, 104, 105, 106, 107, 108, 109, 110, 101, 202, 203, 201, 204, 501, 502, 503, 508, 504, 509, 511, 505, 510, 506, 507, 512, 513, 602, 603, 601, 702, 703, 704, 705, 709, 706, 710, 707, 711, 708, 701]
703:  [102, 103, 104, 105, 106, 107, 108, 109, 110, 101, 202, 203, 201, 204, 302, 303, 304, 305, 306, 301, 501, 502, 503, 508, 504, 509, 511, 505, 510, 506, 507, 512, 513, 602, 603, 601]
19:  [11, 12, 14, 15, 16, 17, 18, 20, 21, 22]
107:  [202, 203, 201, 204, 302, 303, 304, 305, 306, 301, 501, 502, 503, 508, 504, 509, 511, 505, 510, 506, 507, 512, 513, 602, 603, 601, 702, 703, 704, 705, 709, 706, 710, 707, 711, 708, 701]
508:  [501, 502, 503, 504, 509, 511, 505, 510, 506, 507, 512, 513, 102, 103, 104, 105, 106, 107, 108, 109, 110, 101, 202, 203, 201, 204, 302, 303, 304, 305, 306, 301, 602, 603, 601, 702, 703, 704, 705, 709, 706, 710, 707, 711, 708, 701]
2:  []
18:  [11, 13, 14, 15, 16, 17, 19, 20, 21, 22]
13:  [11, 12, 14, 15, 16, 17, 18, 20, 21, 22]
16:  [11, 12, 13, 14, 15, 17, 18, 19, 20, 21]
201:  [102, 103, 104, 105, 106, 107, 108, 109, 110, 101, 302, 303, 304, 305, 306, 301, 501, 502, 503, 508, 504, 509, 511, 505, 510, 506, 507, 512, 513, 602, 603, 601, 702, 703, 704, 705, 709, 706, 710, 707, 711, 708, 701]
709:  [102, 103, 104, 105, 106, 107, 108, 109, 110, 101, 202, 203, 201, 204, 302, 303, 304, 305, 306, 301, 501, 502, 503, 508, 504, 509, 511, 505, 510, 506, 507, 512, 513, 602, 603, 601]
3:  []
15:  [11, 12, 13, 14, 16, 17, 18, 19, 20, 22]
704:  [102, 103, 104, 105, 106, 107, 108, 109, 110, 101, 202, 203, 201, 204, 302, 303, 304, 305, 306, 301, 501, 502, 503, 508, 504, 509, 511, 505, 510, 506, 507, 512, 513, 602, 603, 601]
105:  [202, 203, 201, 204, 302, 303, 304, 305, 306, 301, 501, 502, 503, 508, 504, 509, 511, 505, 510, 506, 507, 512, 513, 602, 603, 601, 702, 703, 704, 705, 709, 706, 710, 707, 711, 708, 701]
510:  [501, 502, 503, 508, 504, 509, 511, 505, 506, 507, 512, 513, 102, 103, 104, 105, 106, 107, 108, 109, 110, 101, 202, 203, 201, 204, 302, 303, 304, 305, 306, 301, 602, 603, 601, 702, 703, 704, 705, 709, 706, 710, 707, 711, 708, 701]
203:  [102, 103, 104, 105, 106, 107, 108, 109, 110, 101, 302, 303, 304, 305, 306, 301, 501, 502, 503, 508, 504, 509, 511, 505, 510, 506, 507, 512, 513, 602, 603, 601, 702, 703, 704, 705, 709, 706, 710, 707, 711, 708, 701]
22:  [11, 12, 13, 14, 15, 17, 18, 19, 20, 21]
501:  [502, 503, 508, 504, 509, 511, 505, 510, 506, 507, 512, 513, 102, 103, 104, 105, 106, 107, 108, 109, 110, 101, 202, 203, 201, 204, 302, 303, 304, 305, 306, 301, 602, 603, 601, 702, 703, 704, 705, 709, 706, 710, 707, 711, 708, 701]
603:  [102, 103, 104, 105, 106, 107, 108, 109, 110, 101, 202, 203, 201, 204, 302, 303, 304, 305, 306, 301, 501, 502, 503, 508, 504, 509, 511, 505, 510, 506, 507, 512, 513, 702, 703, 704, 705, 709, 706, 710, 707, 711, 708, 701]
506:  [501, 502, 503, 508, 504, 509, 511, 505, 510, 507, 512, 513, 102, 103, 104, 105, 106, 107, 108, 109, 110, 101, 202, 203, 201, 204, 302, 303, 304, 305, 306, 301, 602, 603, 601, 702, 703, 704, 705, 709, 706, 710, 707, 711, 708, 701]
204:  [102, 103, 104, 105, 106, 107, 108, 109, 110, 101, 302, 303, 304, 305, 306, 301, 501, 502, 503, 508, 504, 509, 511, 505, 510, 506, 507, 512, 513, 602, 603, 601, 702, 703, 704, 705, 709, 706, 710, 707, 711, 708, 701]
108:  [202, 203, 201, 204, 302, 303, 304, 305, 306, 301, 501, 502, 503, 508, 504, 509, 511, 505, 510, 506, 507, 512, 513, 602, 603, 601, 702, 703, 704, 705, 709, 706, 710, 707, 711, 708, 701]
602:  [102, 103, 104, 105, 106, 107, 108, 109, 110, 101, 202, 203, 201, 204, 302, 303, 304, 305, 306, 301, 501, 502, 503, 508, 504, 509, 511, 505, 510, 506, 507, 512, 513, 702, 703, 704, 705, 709, 706, 710, 707, 711, 708, 701]
503:  [501, 502, 508, 504, 509, 511, 505, 510, 506, 507, 512, 513, 102, 103, 104, 105, 106, 107, 108, 109, 110, 101, 202, 203, 201, 204, 302, 303, 304, 305, 306, 301, 602, 603, 601, 702, 703, 704, 705, 709, 706, 710, 707, 711, 708, 701]
711:  [102, 103, 104, 105, 106, 107, 108, 109, 110, 101, 202, 203, 201, 204, 302, 303, 304, 305, 306, 301, 501, 502, 503, 508, 504, 509, 511, 505, 510, 506, 507, 512, 513, 602, 603, 601]
21:  [11, 12, 13, 14, 16, 17, 18, 19, 20, 22]
304:  [102, 103, 104, 105, 106, 107, 108, 109, 110, 101, 202, 203, 201, 204, 501, 502, 503, 508, 504, 509, 511, 505, 510, 506, 507, 512, 513, 602, 603, 601, 702, 703, 704, 705, 709, 706, 710, 707, 711, 708, 701]
502:  [501, 503, 508, 504, 509, 511, 505, 510, 506, 507, 512, 513, 102, 103, 104, 105, 106, 107, 108, 109, 110, 101, 202, 203, 201, 204, 302, 303, 304, 305, 306, 301, 602, 603, 601, 702, 703, 704, 705, 709, 706, 710, 707, 711, 708, 701]
101:  [202, 203, 201, 204, 302, 303, 304, 305, 306, 301, 501, 502, 503, 508, 504, 509, 511, 505, 510, 506, 507, 512, 513, 602, 603, 601, 702, 703, 704, 705, 709, 706, 710, 707, 711, 708, 701]
512:  [501, 502, 503, 508, 504, 509, 511, 505, 510, 506, 507, 513, 102, 103, 104, 105, 106, 107, 108, 109, 110, 101, 202, 203, 201, 204, 302, 303, 304, 305, 306, 301, 602, 603, 601, 702, 703, 704, 705, 709, 706, 710, 707, 711, 708, 701]
1:  []
504:  [501, 502, 503, 508, 509, 511, 505, 510, 506, 507, 512, 513, 102, 103, 104, 105, 106, 107, 108, 109, 110, 101, 202, 203, 201, 204, 302, 303, 304, 305, 306, 301, 602, 603, 601, 702, 703, 704, 705, 709, 706, 710, 707, 711, 708, 701]
505:  [501, 502, 503, 508, 504, 509, 511, 510, 506, 507, 512, 513, 102, 103, 104, 105, 106, 107, 108, 109, 110, 101, 202, 203, 201, 204, 302, 303, 304, 305, 306, 301, 602, 603, 601, 702, 703, 704, 705, 709, 706, 710, 707, 711, 708, 701]
11:  [12, 13, 14, 15, 16, 18, 19, 20, 21, 22]
707:  [102, 103, 104, 105, 106, 107, 108, 109, 110, 101, 202, 203, 201, 204, 302, 303, 304, 305, 306, 301, 501, 502, 503, 508, 504, 509, 511, 505, 510, 506, 507, 512, 513, 602, 603, 601]
706:  [102, 103, 104, 105, 106, 107, 108, 109, 110, 101, 202, 203, 201, 204, 302, 303, 304, 305, 306, 301, 501, 502, 503, 508, 504, 509, 511, 505, 510, 506, 507, 512, 513, 602, 603, 601]
708:  [102, 103, 104, 105, 106, 107, 108, 109, 110, 101, 202, 203, 201, 204, 302, 303, 304, 305, 306, 301, 501, 502, 503, 508, 504, 509, 511, 505, 510, 506, 507, 512, 513, 602, 603, 601]
303:  [102, 103, 104, 105, 106, 107, 108, 109, 110, 101, 202, 203, 201, 204, 501, 502, 503, 508, 504, 509, 511, 505, 510, 506, 507, 512, 513, 602, 603, 601, 702, 703, 704, 705, 709, 706, 710, 707, 711, 708, 701]
14:  [11, 12, 13, 15, 16, 17, 18, 19, 21, 22]
10:  []
12:  [11, 13, 14, 15, 16, 17, 19, 20, 21, 22]
701:  [102, 103, 104, 105, 106, 107, 108, 109, 110, 101, 202, 203, 201, 204, 302, 303, 304, 305, 306, 301, 501, 502, 503, 508, 504, 509, 511, 505, 510, 506, 507, 512, 513, 602, 603, 601]
20:  [11, 12, 13, 15, 16, 17, 18, 19, 21, 22]
513:  [501, 502, 503, 508, 504, 509, 511, 505, 510, 506, 507, 512, 102, 103, 104, 105, 106, 107, 108, 109, 110, 101, 202, 203, 201, 204, 302, 303, 304, 305, 306, 301, 602, 603, 601, 702, 703, 704, 705, 709, 706, 710, 707, 711, 708, 701]
110:  [202, 203, 201, 204, 302, 303, 304, 305, 306, 301, 501, 502, 503, 508, 504, 509, 511, 505, 510, 506, 507, 512, 513, 602, 603, 601, 702, 703, 704, 705, 709, 706, 710, 707, 711, 708, 701]
