Reachability and Concurrency analysis: 

Partial Grafcet de.hsu.grafcet.staticAnalysis.hypergraf.Subgraf@88e9ee5
 Dependency: G0 - with initialization type enclosed: 
reachable steps: [10, 11, 12, 13, 14, 15, 16, 17, 18, 19, 20, 21, 22]
concurrent steps: 
11: [12, 13, 14, 15, 16, 18, 19, 20, 21, 22]
12: [11, 13, 14, 15, 16, 17, 19, 20, 21, 22]
13: [11, 12, 14, 15, 16, 17, 18, 20, 21, 22]
14: [11, 12, 13, 15, 16, 17, 18, 19, 21, 22]
15: [11, 12, 13, 14, 16, 17, 18, 19, 20, 22]
16: [11, 12, 13, 14, 15, 17, 18, 19, 20, 21]
17: [12, 13, 14, 15, 16, 18, 19, 20, 21, 22]
18: [11, 13, 14, 15, 16, 17, 19, 20, 21, 22]
19: [11, 12, 14, 15, 16, 17, 18, 20, 21, 22]
20: [11, 12, 13, 15, 16, 17, 18, 19, 21, 22]
21: [11, 12, 13, 14, 16, 17, 18, 19, 20, 22]
22: [11, 12, 13, 14, 15, 17, 18, 19, 20, 21]
Partial Grafcet de.hsu.grafcet.staticAnalysis.hypergraf.Subgraf@7432e4fb
 Dependency: G1 - with initialization type enclosed: 
reachable steps: [102, 103, 104, 105, 106, 107, 108, 109, 110, 101]
concurrent steps: 
Partial Grafcet de.hsu.grafcet.staticAnalysis.hypergraf.Subgraf@551b9443
 Dependency: G2 - with initialization type enclosed: 
reachable steps: [202, 203, 201, 204]
concurrent steps: 
Partial Grafcet de.hsu.grafcet.staticAnalysis.hypergraf.Subgraf@6f8f157c
 Dependency: G3 - with initialization type enclosed: 
reachable steps: [302, 303, 304, 305, 306, 301]
concurrent steps: 
Partial Grafcet de.hsu.grafcet.staticAnalysis.hypergraf.Subgraf@138ad7de
 Dependency: G5 - with initialization type enclosed: 
reachable steps: [502, 503, 508, 504, 509, 511, 505, 510, 506, 507, 512, 513, 501]
concurrent steps: 
503: [508, 509, 511, 510]
508: [503, 504, 505, 506, 507]
504: [508, 509, 511, 510]
509: [503, 504, 505, 506, 507]
511: [503, 504, 505, 506, 507]
505: [508, 509, 511, 510]
510: [503, 504, 505, 506, 507]
506: [508, 509, 511, 510]
507: [508, 509, 511, 510]
Partial Grafcet de.hsu.grafcet.staticAnalysis.hypergraf.Subgraf@707cfc68
 Dependency: G6 - with initialization type enclosed: 
reachable steps: [602, 603, 601]
concurrent steps: 
Partial Grafcet de.hsu.grafcet.staticAnalysis.hypergraf.Subgraf@794cd7a8
 Dependency: G7 - with initialization type enclosed: 
reachable steps: [702, 703, 704, 709, 705, 710, 706, 711, 707, 701, 708]
concurrent steps: 
Partial Grafcet de.hsu.grafcet.staticAnalysis.hypergraf.Subgraf@25c3edb9
 Dependency: GlobalGrafcet - with initialization type initialStep: 
reachable steps: [1, 2, 3, 4]
concurrent steps: 


 global Concurrncy:
203:  [102, 103, 104, 105, 106, 107, 108, 109, 110, 101, 302, 303, 304, 305, 306, 301, 502, 503, 508, 504, 509, 511, 505, 510, 506, 507, 512, 513, 501, 602, 603, 601, 702, 703, 704, 709, 705, 710, 706, 711, 707, 701, 708]
202:  [102, 103, 104, 105, 106, 107, 108, 109, 110, 101, 302, 303, 304, 305, 306, 301, 502, 503, 508, 504, 509, 511, 505, 510, 506, 507, 512, 513, 501, 602, 603, 601, 702, 703, 704, 709, 705, 710, 706, 711, 707, 701, 708]
16:  [11, 12, 13, 14, 15, 17, 18, 19, 20, 21]
12:  [11, 13, 14, 15, 16, 17, 19, 20, 21, 22]
201:  [102, 103, 104, 105, 106, 107, 108, 109, 110, 101, 302, 303, 304, 305, 306, 301, 502, 503, 508, 504, 509, 511, 505, 510, 506, 507, 512, 513, 501, 602, 603, 601, 702, 703, 704, 709, 705, 710, 706, 711, 707, 701, 708]
501:  [102, 103, 104, 105, 106, 107, 108, 109, 110, 101, 202, 203, 201, 204, 302, 303, 304, 305, 306, 301, 602, 603, 601, 702, 703, 704, 709, 705, 710, 706, 711, 707, 701, 708]
1:  []
17:  [12, 13, 14, 15, 16, 18, 19, 20, 21, 22]
708:  [102, 103, 104, 105, 106, 107, 108, 109, 110, 101, 202, 203, 201, 204, 302, 303, 304, 305, 306, 301, 502, 503, 508, 504, 509, 511, 505, 510, 506, 507, 512, 513, 501, 602, 603, 601]
106:  [202, 203, 201, 204, 302, 303, 304, 305, 306, 301, 502, 503, 508, 504, 509, 511, 505, 510, 506, 507, 512, 513, 501, 602, 603, 601, 702, 703, 704, 709, 705, 710, 706, 711, 707, 701, 708]
512:  [102, 103, 104, 105, 106, 107, 108, 109, 110, 101, 202, 203, 201, 204, 302, 303, 304, 305, 306, 301, 602, 603, 601, 702, 703, 704, 709, 705, 710, 706, 711, 707, 701, 708]
711:  [102, 103, 104, 105, 106, 107, 108, 109, 110, 101, 202, 203, 201, 204, 302, 303, 304, 305, 306, 301, 502, 503, 508, 504, 509, 511, 505, 510, 506, 507, 512, 513, 501, 602, 603, 601]
506:  [508, 509, 511, 510, 102, 103, 104, 105, 106, 107, 108, 109, 110, 101, 202, 203, 201, 204, 302, 303, 304, 305, 306, 301, 602, 603, 601, 702, 703, 704, 709, 705, 710, 706, 711, 707, 701, 708]
709:  [102, 103, 104, 105, 106, 107, 108, 109, 110, 101, 202, 203, 201, 204, 302, 303, 304, 305, 306, 301, 502, 503, 508, 504, 509, 511, 505, 510, 506, 507, 512, 513, 501, 602, 603, 601]
20:  [11, 12, 13, 15, 16, 17, 18, 19, 21, 22]
13:  [11, 12, 14, 15, 16, 17, 18, 20, 21, 22]
703:  [102, 103, 104, 105, 106, 107, 108, 109, 110, 101, 202, 203, 201, 204, 302, 303, 304, 305, 306, 301, 502, 503, 508, 504, 509, 511, 505, 510, 506, 507, 512, 513, 501, 602, 603, 601]
301:  [102, 103, 104, 105, 106, 107, 108, 109, 110, 101, 202, 203, 201, 204, 502, 503, 508, 504, 509, 511, 505, 510, 506, 507, 512, 513, 501, 602, 603, 601, 702, 703, 704, 709, 705, 710, 706, 711, 707, 701, 708]
14:  [11, 12, 13, 15, 16, 17, 18, 19, 21, 22]
103:  [202, 203, 201, 204, 302, 303, 304, 305, 306, 301, 502, 503, 508, 504, 509, 511, 505, 510, 506, 507, 512, 513, 501, 602, 603, 601, 702, 703, 704, 709, 705, 710, 706, 711, 707, 701, 708]
504:  [508, 509, 511, 510, 102, 103, 104, 105, 106, 107, 108, 109, 110, 101, 202, 203, 201, 204, 302, 303, 304, 305, 306, 301, 602, 603, 601, 702, 703, 704, 709, 705, 710, 706, 711, 707, 701, 708]
510:  [503, 504, 505, 506, 507, 102, 103, 104, 105, 106, 107, 108, 109, 110, 101, 202, 203, 201, 204, 302, 303, 304, 305, 306, 301, 602, 603, 601, 702, 703, 704, 709, 705, 710, 706, 711, 707, 701, 708]
306:  [102, 103, 104, 105, 106, 107, 108, 109, 110, 101, 202, 203, 201, 204, 502, 503, 508, 504, 509, 511, 505, 510, 506, 507, 512, 513, 501, 602, 603, 601, 702, 703, 704, 709, 705, 710, 706, 711, 707, 701, 708]
704:  [102, 103, 104, 105, 106, 107, 108, 109, 110, 101, 202, 203, 201, 204, 302, 303, 304, 305, 306, 301, 502, 503, 508, 504, 509, 511, 505, 510, 506, 507, 512, 513, 501, 602, 603, 601]
303:  [102, 103, 104, 105, 106, 107, 108, 109, 110, 101, 202, 203, 201, 204, 502, 503, 508, 504, 509, 511, 505, 510, 506, 507, 512, 513, 501, 602, 603, 601, 702, 703, 704, 709, 705, 710, 706, 711, 707, 701, 708]
507:  [508, 509, 511, 510, 102, 103, 104, 105, 106, 107, 108, 109, 110, 101, 202, 203, 201, 204, 302, 303, 304, 305, 306, 301, 602, 603, 601, 702, 703, 704, 709, 705, 710, 706, 711, 707, 701, 708]
702:  [102, 103, 104, 105, 106, 107, 108, 109, 110, 101, 202, 203, 201, 204, 302, 303, 304, 305, 306, 301, 502, 503, 508, 504, 509, 511, 505, 510, 506, 507, 512, 513, 501, 602, 603, 601]
19:  [11, 12, 14, 15, 16, 17, 18, 20, 21, 22]
602:  [102, 103, 104, 105, 106, 107, 108, 109, 110, 101, 202, 203, 201, 204, 302, 303, 304, 305, 306, 301, 502, 503, 508, 504, 509, 511, 505, 510, 506, 507, 512, 513, 501, 702, 703, 704, 709, 705, 710, 706, 711, 707, 701, 708]
204:  [102, 103, 104, 105, 106, 107, 108, 109, 110, 101, 302, 303, 304, 305, 306, 301, 502, 503, 508, 504, 509, 511, 505, 510, 506, 507, 512, 513, 501, 602, 603, 601, 702, 703, 704, 709, 705, 710, 706, 711, 707, 701, 708]
706:  [102, 103, 104, 105, 106, 107, 108, 109, 110, 101, 202, 203, 201, 204, 302, 303, 304, 305, 306, 301, 502, 503, 508, 504, 509, 511, 505, 510, 506, 507, 512, 513, 501, 602, 603, 601]
601:  [102, 103, 104, 105, 106, 107, 108, 109, 110, 101, 202, 203, 201, 204, 302, 303, 304, 305, 306, 301, 502, 503, 508, 504, 509, 511, 505, 510, 506, 507, 512, 513, 501, 702, 703, 704, 709, 705, 710, 706, 711, 707, 701, 708]
108:  [202, 203, 201, 204, 302, 303, 304, 305, 306, 301, 502, 503, 508, 504, 509, 511, 505, 510, 506, 507, 512, 513, 501, 602, 603, 601, 702, 703, 704, 709, 705, 710, 706, 711, 707, 701, 708]
109:  [202, 203, 201, 204, 302, 303, 304, 305, 306, 301, 502, 503, 508, 504, 509, 511, 505, 510, 506, 507, 512, 513, 501, 602, 603, 601, 702, 703, 704, 709, 705, 710, 706, 711, 707, 701, 708]
502:  [102, 103, 104, 105, 106, 107, 108, 109, 110, 101, 202, 203, 201, 204, 302, 303, 304, 305, 306, 301, 602, 603, 601, 702, 703, 704, 709, 705, 710, 706, 711, 707, 701, 708]
513:  [102, 103, 104, 105, 106, 107, 108, 109, 110, 101, 202, 203, 201, 204, 302, 303, 304, 305, 306, 301, 602, 603, 601, 702, 703, 704, 709, 705, 710, 706, 711, 707, 701, 708]
710:  [102, 103, 104, 105, 106, 107, 108, 109, 110, 101, 202, 203, 201, 204, 302, 303, 304, 305, 306, 301, 502, 503, 508, 504, 509, 511, 505, 510, 506, 507, 512, 513, 501, 602, 603, 601]
3:  []
15:  [11, 12, 13, 14, 16, 17, 18, 19, 20, 22]
505:  [508, 509, 511, 510, 102, 103, 104, 105, 106, 107, 108, 109, 110, 101, 202, 203, 201, 204, 302, 303, 304, 305, 306, 301, 602, 603, 601, 702, 703, 704, 709, 705, 710, 706, 711, 707, 701, 708]
304:  [102, 103, 104, 105, 106, 107, 108, 109, 110, 101, 202, 203, 201, 204, 502, 503, 508, 504, 509, 511, 505, 510, 506, 507, 512, 513, 501, 602, 603, 601, 702, 703, 704, 709, 705, 710, 706, 711, 707, 701, 708]
107:  [202, 203, 201, 204, 302, 303, 304, 305, 306, 301, 502, 503, 508, 504, 509, 511, 505, 510, 506, 507, 512, 513, 501, 602, 603, 601, 702, 703, 704, 709, 705, 710, 706, 711, 707, 701, 708]
503:  [508, 509, 511, 510, 102, 103, 104, 105, 106, 107, 108, 109, 110, 101, 202, 203, 201, 204, 302, 303, 304, 305, 306, 301, 602, 603, 601, 702, 703, 704, 709, 705, 710, 706, 711, 707, 701, 708]
18:  [11, 13, 14, 15, 16, 17, 19, 20, 21, 22]
2:  []
603:  [102, 103, 104, 105, 106, 107, 108, 109, 110, 101, 202, 203, 201, 204, 302, 303, 304, 305, 306, 301, 502, 503, 508, 504, 509, 511, 505, 510, 506, 507, 512, 513, 501, 702, 703, 704, 709, 705, 710, 706, 711, 707, 701, 708]
4:  []
110:  [202, 203, 201, 204, 302, 303, 304, 305, 306, 301, 502, 503, 508, 504, 509, 511, 505, 510, 506, 507, 512, 513, 501, 602, 603, 601, 702, 703, 704, 709, 705, 710, 706, 711, 707, 701, 708]
11:  [12, 13, 14, 15, 16, 18, 19, 20, 21, 22]
21:  [11, 12, 13, 14, 16, 17, 18, 19, 20, 22]
105:  [202, 203, 201, 204, 302, 303, 304, 305, 306, 301, 502, 503, 508, 504, 509, 511, 505, 510, 506, 507, 512, 513, 501, 602, 603, 601, 702, 703, 704, 709, 705, 710, 706, 711, 707, 701, 708]
22:  [11, 12, 13, 14, 15, 17, 18, 19, 20, 21]
508:  [503, 504, 505, 506, 507, 102, 103, 104, 105, 106, 107, 108, 109, 110, 101, 202, 203, 201, 204, 302, 303, 304, 305, 306, 301, 602, 603, 601, 702, 703, 704, 709, 705, 710, 706, 711, 707, 701, 708]
707:  [102, 103, 104, 105, 106, 107, 108, 109, 110, 101, 202, 203, 201, 204, 302, 303, 304, 305, 306, 301, 502, 503, 508, 504, 509, 511, 505, 510, 506, 507, 512, 513, 501, 602, 603, 601]
509:  [503, 504, 505, 506, 507, 102, 103, 104, 105, 106, 107, 108, 109, 110, 101, 202, 203, 201, 204, 302, 303, 304, 305, 306, 301, 602, 603, 601, 702, 703, 704, 709, 705, 710, 706, 711, 707, 701, 708]
705:  [102, 103, 104, 105, 106, 107, 108, 109, 110, 101, 202, 203, 201, 204, 302, 303, 304, 305, 306, 301, 502, 503, 508, 504, 509, 511, 505, 510, 506, 507, 512, 513, 501, 602, 603, 601]
101:  [202, 203, 201, 204, 302, 303, 304, 305, 306, 301, 502, 503, 508, 504, 509, 511, 505, 510, 506, 507, 512, 513, 501, 602, 603, 601, 702, 703, 704, 709, 705, 710, 706, 711, 707, 701, 708]
10:  []
302:  [102, 103, 104, 105, 106, 107, 108, 109, 110, 101, 202, 203, 201, 204, 502, 503, 508, 504, 509, 511, 505, 510, 506, 507, 512, 513, 501, 602, 603, 601, 702, 703, 704, 709, 705, 710, 706, 711, 707, 701, 708]
104:  [202, 203, 201, 204, 302, 303, 304, 305, 306, 301, 502, 503, 508, 504, 509, 511, 505, 510, 506, 507, 512, 513, 501, 602, 603, 601, 702, 703, 704, 709, 705, 710, 706, 711, 707, 701, 708]
701:  [102, 103, 104, 105, 106, 107, 108, 109, 110, 101, 202, 203, 201, 204, 302, 303, 304, 305, 306, 301, 502, 503, 508, 504, 509, 511, 505, 510, 506, 507, 512, 513, 501, 602, 603, 601]
102:  [202, 203, 201, 204, 302, 303, 304, 305, 306, 301, 502, 503, 508, 504, 509, 511, 505, 510, 506, 507, 512, 513, 501, 602, 603, 601, 702, 703, 704, 709, 705, 710, 706, 711, 707, 701, 708]
305:  [102, 103, 104, 105, 106, 107, 108, 109, 110, 101, 202, 203, 201, 204, 502, 503, 508, 504, 509, 511, 505, 510, 506, 507, 512, 513, 501, 602, 603, 601, 702, 703, 704, 709, 705, 710, 706, 711, 707, 701, 708]
511:  [503, 504, 505, 506, 507, 102, 103, 104, 105, 106, 107, 108, 109, 110, 101, 202, 203, 201, 204, 302, 303, 304, 305, 306, 301, 602, 603, 601, 702, 703, 704, 709, 705, 710, 706, 711, 707, 701, 708]
