

 Analysis cycles abstract Interpretation: 

===== G2 =====
===== G2 (0) =====
Variables: 	2s/X202	Ausloeser3	Ausloeser5	Eindruecken2	Foerderband	GUTTEIL	Handling1	Handling7	K2	K3	K51	K52	K71	K72	Kontaktierung5	Lineareinheit1	LineareinheitVor7	LineareinheitZur7	
Step 201: 	[1.0,-1.0]	[1.0,-1.0]	[1.0,-1.0]	[1.0,-1.0]	[1.0,-1.0]	[1.0,-1.0]	[1.0,-1.0]	[1.0,-1.0]	[1.0,-1.0]	[1.0,-1.0]	[1.0,-1.0]	[1.0,-1.0]	[1.0,-1.0]	[1.0,-1.0]	[1.0,-1.0]	[1.0,-1.0]	[1.0,-1.0]	[1.0,-1.0]	
Tran 203: 	[1.0,-1.0]	[1.0,-1.0]	[1.0,-1.0]	[1.0,-1.0]	[1.0,-1.0]	[1.0,-1.0]	[1.0,-1.0]	[1.0,-1.0]	[1.0,-1.0]	[1.0,-1.0]	[1.0,-1.0]	[1.0,-1.0]	[1.0,-1.0]	[1.0,-1.0]	[1.0,-1.0]	[1.0,-1.0]	[1.0,-1.0]	[1.0,-1.0]	
Tran 206: 	[-0.0,0.0]	[-0.0,0.0]	[-0.0,0.0]	[-0.0,0.0]	[-0.0,0.0]	[-0.0,0.0]	[-0.0,0.0]	[-0.0,0.0]	[-0.0,0.0]	[-0.0,0.0]	[-0.0,0.0]	[-0.0,0.0]	[-0.0,0.0]	[-0.0,0.0]	[-0.0,0.0]	[-0.0,0.0]	[-0.0,0.0]	[-0.0,0.0]	
Step 202: 	[-0.0,0.0]	[-0.0,0.0]	[-0.0,0.0]	[-0.0,0.0]	[-0.0,0.0]	[-0.0,0.0]	[-0.0,0.0]	[-0.0,0.0]	[-0.0,0.0]	[-0.0,0.0]	[-0.0,0.0]	[-0.0,0.0]	[-0.0,0.0]	[-0.0,0.0]	[-0.0,0.0]	[-0.0,0.0]	[-0.0,0.0]	[-0.0,0.0]	
Step 204: 	[1.0,-1.0]	[1.0,-1.0]	[1.0,-1.0]	[1.0,-1.0]	[1.0,-1.0]	[1.0,-1.0]	[1.0,-1.0]	[1.0,-1.0]	[1.0,-1.0]	[1.0,-1.0]	[1.0,-1.0]	[1.0,-1.0]	[1.0,-1.0]	[1.0,-1.0]	[1.0,-1.0]	[1.0,-1.0]	[1.0,-1.0]	[1.0,-1.0]	
Tran 205: 	[1.0,-1.0]	[1.0,-1.0]	[1.0,-1.0]	[1.0,-1.0]	[1.0,-1.0]	[1.0,-1.0]	[1.0,-1.0]	[1.0,-1.0]	[1.0,-1.0]	[1.0,-1.0]	[1.0,-1.0]	[1.0,-1.0]	[1.0,-1.0]	[1.0,-1.0]	[1.0,-1.0]	[1.0,-1.0]	[1.0,-1.0]	[1.0,-1.0]	
Step 203: 	[1.0,-1.0]	[1.0,-1.0]	[1.0,-1.0]	[1.0,-1.0]	[1.0,-1.0]	[1.0,-1.0]	[1.0,-1.0]	[1.0,-1.0]	[1.0,-1.0]	[1.0,-1.0]	[1.0,-1.0]	[1.0,-1.0]	[1.0,-1.0]	[1.0,-1.0]	[1.0,-1.0]	[1.0,-1.0]	[1.0,-1.0]	[1.0,-1.0]	
Tran 202: 	[-0.0,0.0]	[-0.0,0.0]	[-0.0,0.0]	[-0.0,0.0]	[-0.0,0.0]	[-0.0,0.0]	[-0.0,0.0]	[-0.0,0.0]	[-0.0,0.0]	[-0.0,0.0]	[-0.0,0.0]	[-0.0,0.0]	[-0.0,0.0]	[-0.0,0.0]	[-0.0,0.0]	[-0.0,0.0]	[-0.0,0.0]	[-0.0,0.0]	
Tran 204: 	[1.0,-1.0]	[1.0,-1.0]	[1.0,-1.0]	[1.0,-1.0]	[1.0,-1.0]	[1.0,-1.0]	[1.0,-1.0]	[1.0,-1.0]	[1.0,-1.0]	[1.0,-1.0]	[1.0,-1.0]	[1.0,-1.0]	[1.0,-1.0]	[1.0,-1.0]	[1.0,-1.0]	[1.0,-1.0]	[1.0,-1.0]	[1.0,-1.0]	
Tran 201: 	[1.0,-1.0]	[1.0,-1.0]	[1.0,-1.0]	[1.0,-1.0]	[1.0,-1.0]	[1.0,-1.0]	[1.0,-1.0]	[1.0,-1.0]	[1.0,-1.0]	[1.0,-1.0]	[1.0,-1.0]	[1.0,-1.0]	[1.0,-1.0]	[1.0,-1.0]	[1.0,-1.0]	[1.0,-1.0]	[1.0,-1.0]	[1.0,-1.0]	
===== G2 (1) =====
Variables: 	Spannen3	Spannen5	StartTeller	Station1_fertig	Station2_fertig	Station3_fertig	Station5_fertig	Station6_fertig	Station7_fertig	StempelIn6	Stoerung2	Stoessel3	Stoessel5	Vereinzelung1	VorVereinzelung1	Zange1	Zange7	
Step 201: 	[1.0,-1.0]	[1.0,-1.0]	[1.0,-1.0]	[1.0,-1.0]	[1.0,-1.0]	[1.0,-1.0]	[1.0,-1.0]	[1.0,-1.0]	[1.0,-1.0]	[1.0,-1.0]	[1.0,-1.0]	[1.0,-1.0]	[1.0,-1.0]	[1.0,-1.0]	[1.0,-1.0]	[1.0,-1.0]	[1.0,-1.0]	
Tran 203: 	[1.0,-1.0]	[1.0,-1.0]	[1.0,-1.0]	[1.0,-1.0]	[1.0,-1.0]	[1.0,-1.0]	[1.0,-1.0]	[1.0,-1.0]	[1.0,-1.0]	[1.0,-1.0]	[1.0,-1.0]	[1.0,-1.0]	[1.0,-1.0]	[1.0,-1.0]	[1.0,-1.0]	[1.0,-1.0]	[1.0,-1.0]	
Tran 206: 	[-0.0,0.0]	[-0.0,0.0]	[-0.0,0.0]	[-0.0,0.0]	[-0.0,0.0]	[-0.0,0.0]	[-0.0,0.0]	[-0.0,0.0]	[-0.0,0.0]	[-0.0,0.0]	[-0.0,0.0]	[-0.0,0.0]	[-0.0,0.0]	[-0.0,0.0]	[-0.0,0.0]	[-0.0,0.0]	[-0.0,0.0]	
Step 202: 	[-0.0,0.0]	[-0.0,0.0]	[-0.0,0.0]	[-0.0,0.0]	[-0.0,0.0]	[-0.0,0.0]	[-0.0,0.0]	[-0.0,0.0]	[-0.0,0.0]	[-0.0,0.0]	[-0.0,0.0]	[-0.0,0.0]	[-0.0,0.0]	[-0.0,0.0]	[-0.0,0.0]	[-0.0,0.0]	[-0.0,0.0]	
Step 204: 	[1.0,-1.0]	[1.0,-1.0]	[1.0,-1.0]	[1.0,-1.0]	[1.0,-1.0]	[1.0,-1.0]	[1.0,-1.0]	[1.0,-1.0]	[1.0,-1.0]	[1.0,-1.0]	[1.0,-1.0]	[1.0,-1.0]	[1.0,-1.0]	[1.0,-1.0]	[1.0,-1.0]	[1.0,-1.0]	[1.0,-1.0]	
Tran 205: 	[1.0,-1.0]	[1.0,-1.0]	[1.0,-1.0]	[1.0,-1.0]	[1.0,-1.0]	[1.0,-1.0]	[1.0,-1.0]	[1.0,-1.0]	[1.0,-1.0]	[1.0,-1.0]	[1.0,-1.0]	[1.0,-1.0]	[1.0,-1.0]	[1.0,-1.0]	[1.0,-1.0]	[1.0,-1.0]	[1.0,-1.0]	
Step 203: 	[1.0,-1.0]	[1.0,-1.0]	[1.0,-1.0]	[1.0,-1.0]	[1.0,-1.0]	[1.0,-1.0]	[1.0,-1.0]	[1.0,-1.0]	[1.0,-1.0]	[1.0,-1.0]	[1.0,-1.0]	[1.0,-1.0]	[1.0,-1.0]	[1.0,-1.0]	[1.0,-1.0]	[1.0,-1.0]	[1.0,-1.0]	
Tran 202: 	[-0.0,0.0]	[-0.0,0.0]	[-0.0,0.0]	[-0.0,0.0]	[-0.0,0.0]	[-0.0,0.0]	[-0.0,0.0]	[-0.0,0.0]	[-0.0,0.0]	[-0.0,0.0]	[-0.0,0.0]	[-0.0,0.0]	[-0.0,0.0]	[-0.0,0.0]	[-0.0,0.0]	[-0.0,0.0]	[-0.0,0.0]	
Tran 204: 	[1.0,-1.0]	[1.0,-1.0]	[1.0,-1.0]	[1.0,-1.0]	[1.0,-1.0]	[1.0,-1.0]	[1.0,-1.0]	[1.0,-1.0]	[1.0,-1.0]	[1.0,-1.0]	[1.0,-1.0]	[1.0,-1.0]	[1.0,-1.0]	[1.0,-1.0]	[1.0,-1.0]	[1.0,-1.0]	[1.0,-1.0]	
Tran 201: 	[1.0,-1.0]	[1.0,-1.0]	[1.0,-1.0]	[1.0,-1.0]	[1.0,-1.0]	[1.0,-1.0]	[1.0,-1.0]	[1.0,-1.0]	[1.0,-1.0]	[1.0,-1.0]	[1.0,-1.0]	[1.0,-1.0]	[1.0,-1.0]	[1.0,-1.0]	[1.0,-1.0]	[1.0,-1.0]	[1.0,-1.0]	
===== G3 =====
===== G3 (0) =====
Variables: 	2s/X202	Ausloeser3	Ausloeser5	Eindruecken2	Foerderband	GUTTEIL	Handling1	Handling7	K2	K3	K51	K52	K71	K72	Kontaktierung5	Lineareinheit1	LineareinheitVor7	LineareinheitZur7	
Step 306: 	[-0.0,0.0]	[1.0,1.0]	[-0.0,0.0]	[-0.0,0.0]	[-0.0,0.0]	[-0.0,0.0]	[-0.0,0.0]	[-0.0,0.0]	[-0.0,0.0]	[-0.0,4.0]	[-0.0,0.0]	[-0.0,0.0]	[-0.0,0.0]	[-0.0,0.0]	[-0.0,0.0]	[-0.0,0.0]	[-0.0,0.0]	[-0.0,0.0]	
Tran 306: 	[-0.0,0.0]	[-0.0,0.0]	[-0.0,0.0]	[-0.0,0.0]	[-0.0,0.0]	[-0.0,0.0]	[-0.0,0.0]	[-0.0,0.0]	[-0.0,0.0]	[3.0,7.0]	[-0.0,0.0]	[-0.0,0.0]	[-0.0,0.0]	[-0.0,0.0]	[-0.0,0.0]	[-0.0,0.0]	[-0.0,0.0]	[-0.0,0.0]	
Tran 305: 	[-0.0,0.0]	[1.0,1.0]	[-0.0,0.0]	[-0.0,0.0]	[-0.0,0.0]	[-0.0,0.0]	[-0.0,0.0]	[-0.0,0.0]	[-0.0,0.0]	[-0.0,4.0]	[-0.0,0.0]	[-0.0,0.0]	[-0.0,0.0]	[-0.0,0.0]	[-0.0,0.0]	[-0.0,0.0]	[-0.0,0.0]	[-0.0,0.0]	
Tran 307: 	[-0.0,0.0]	[-0.0,0.0]	[-0.0,0.0]	[-0.0,0.0]	[-0.0,0.0]	[-0.0,0.0]	[-0.0,0.0]	[-0.0,0.0]	[-0.0,0.0]	[3.0,7.0]	[-0.0,0.0]	[-0.0,0.0]	[-0.0,0.0]	[-0.0,0.0]	[-0.0,0.0]	[-0.0,0.0]	[-0.0,0.0]	[-0.0,0.0]	
Step 304: 	[-0.0,0.0]	[1.0,1.0]	[-0.0,0.0]	[-0.0,0.0]	[-0.0,0.0]	[-0.0,0.0]	[-0.0,0.0]	[-0.0,0.0]	[-0.0,0.0]	[-0.0,4.0]	[-0.0,0.0]	[-0.0,0.0]	[-0.0,0.0]	[-0.0,0.0]	[-0.0,0.0]	[-0.0,0.0]	[-0.0,0.0]	[-0.0,0.0]	
Step 305: 	[-0.0,0.0]	[1.0,1.0]	[-0.0,0.0]	[-0.0,0.0]	[-0.0,0.0]	[-0.0,0.0]	[-0.0,0.0]	[-0.0,0.0]	[-0.0,0.0]	[-0.0,4.0]	[-0.0,0.0]	[-0.0,0.0]	[-0.0,0.0]	[-0.0,0.0]	[-0.0,0.0]	[-0.0,0.0]	[-0.0,0.0]	[-0.0,0.0]	
Tran 301: 	[1.0,-1.0]	[1.0,-1.0]	[1.0,-1.0]	[1.0,-1.0]	[1.0,-1.0]	[1.0,-1.0]	[1.0,-1.0]	[1.0,-1.0]	[1.0,-1.0]	[1.0,-1.0]	[1.0,-1.0]	[1.0,-1.0]	[1.0,-1.0]	[1.0,-1.0]	[1.0,-1.0]	[1.0,-1.0]	[1.0,-1.0]	[1.0,-1.0]	
Step 302: 	[-0.0,0.0]	[-0.0,0.0]	[-0.0,0.0]	[-0.0,0.0]	[-0.0,0.0]	[-0.0,0.0]	[-0.0,0.0]	[-0.0,0.0]	[-0.0,0.0]	[-0.0,0.0]	[-0.0,0.0]	[-0.0,0.0]	[-0.0,0.0]	[-0.0,0.0]	[-0.0,0.0]	[-0.0,0.0]	[-0.0,0.0]	[-0.0,0.0]	
Step 303: 	[-0.0,0.0]	[-0.0,0.0]	[-0.0,0.0]	[-0.0,0.0]	[-0.0,0.0]	[-0.0,0.0]	[-0.0,0.0]	[-0.0,0.0]	[-0.0,0.0]	[-0.0,4.0]	[-0.0,0.0]	[-0.0,0.0]	[-0.0,0.0]	[-0.0,0.0]	[-0.0,0.0]	[-0.0,0.0]	[-0.0,0.0]	[-0.0,0.0]	
Tran 302: 	[-0.0,0.0]	[-0.0,0.0]	[-0.0,0.0]	[-0.0,0.0]	[-0.0,0.0]	[-0.0,0.0]	[-0.0,0.0]	[-0.0,0.0]	[-0.0,0.0]	[-0.0,0.0]	[-0.0,0.0]	[-0.0,0.0]	[-0.0,0.0]	[-0.0,0.0]	[-0.0,0.0]	[-0.0,0.0]	[-0.0,0.0]	[-0.0,0.0]	
Tran 304: 	[-0.0,0.0]	[1.0,1.0]	[-0.0,0.0]	[-0.0,0.0]	[-0.0,0.0]	[-0.0,0.0]	[-0.0,0.0]	[-0.0,0.0]	[-0.0,0.0]	[-0.0,4.0]	[-0.0,0.0]	[-0.0,0.0]	[-0.0,0.0]	[-0.0,0.0]	[-0.0,0.0]	[-0.0,0.0]	[-0.0,0.0]	[-0.0,0.0]	
Step 301: 	[1.0,-1.0]	[1.0,-1.0]	[1.0,-1.0]	[1.0,-1.0]	[1.0,-1.0]	[1.0,-1.0]	[1.0,-1.0]	[1.0,-1.0]	[1.0,-1.0]	[1.0,-1.0]	[1.0,-1.0]	[1.0,-1.0]	[1.0,-1.0]	[1.0,-1.0]	[1.0,-1.0]	[1.0,-1.0]	[1.0,-1.0]	[1.0,-1.0]	
Tran 303: 	[-0.0,0.0]	[1.0,1.0]	[-0.0,0.0]	[-0.0,0.0]	[-0.0,0.0]	[-0.0,0.0]	[-0.0,0.0]	[-0.0,0.0]	[-0.0,0.0]	[-0.0,4.0]	[-0.0,0.0]	[-0.0,0.0]	[-0.0,0.0]	[-0.0,0.0]	[-0.0,0.0]	[-0.0,0.0]	[-0.0,0.0]	[-0.0,0.0]	
===== G3 (1) =====
Variables: 	Spannen3	Spannen5	StartTeller	Station1_fertig	Station2_fertig	Station3_fertig	Station5_fertig	Station6_fertig	Station7_fertig	StempelIn6	Stoerung2	Stoessel3	Stoessel5	Vereinzelung1	VorVereinzelung1	Zange1	Zange7	
Step 306: 	[1.0,1.0]	[-0.0,0.0]	[-0.0,0.0]	[-0.0,0.0]	[-0.0,0.0]	[-0.0,0.0]	[-0.0,0.0]	[-0.0,0.0]	[-0.0,0.0]	[-0.0,0.0]	[-0.0,0.0]	[-0.0,0.0]	[-0.0,0.0]	[-0.0,0.0]	[-0.0,0.0]	[-0.0,0.0]	[-0.0,0.0]	
Tran 306: 	[1.0,1.0]	[-0.0,0.0]	[-0.0,0.0]	[-0.0,0.0]	[-0.0,0.0]	[-0.0,0.0]	[-0.0,0.0]	[-0.0,0.0]	[-0.0,0.0]	[-0.0,0.0]	[-0.0,0.0]	[-0.0,0.0]	[-0.0,0.0]	[-0.0,0.0]	[-0.0,0.0]	[-0.0,0.0]	[-0.0,0.0]	
Tran 305: 	[1.0,1.0]	[-0.0,0.0]	[-0.0,0.0]	[-0.0,0.0]	[-0.0,0.0]	[-0.0,0.0]	[-0.0,0.0]	[-0.0,0.0]	[-0.0,0.0]	[-0.0,0.0]	[-0.0,0.0]	[-0.0,0.0]	[-0.0,0.0]	[-0.0,0.0]	[-0.0,0.0]	[-0.0,0.0]	[-0.0,0.0]	
Tran 307: 	[1.0,1.0]	[-0.0,0.0]	[-0.0,0.0]	[-0.0,0.0]	[-0.0,0.0]	[-0.0,0.0]	[-0.0,0.0]	[-0.0,0.0]	[-0.0,0.0]	[-0.0,0.0]	[-0.0,0.0]	[-0.0,0.0]	[-0.0,0.0]	[-0.0,0.0]	[-0.0,0.0]	[-0.0,0.0]	[-0.0,0.0]	
Step 304: 	[1.0,1.0]	[-0.0,0.0]	[-0.0,0.0]	[-0.0,0.0]	[-0.0,0.0]	[-0.0,0.0]	[-0.0,0.0]	[-0.0,0.0]	[-0.0,0.0]	[-0.0,0.0]	[-0.0,0.0]	[-0.0,0.0]	[-0.0,0.0]	[-0.0,0.0]	[-0.0,0.0]	[-0.0,0.0]	[-0.0,0.0]	
Step 305: 	[1.0,1.0]	[-0.0,0.0]	[-0.0,0.0]	[-0.0,0.0]	[-0.0,0.0]	[-0.0,0.0]	[-0.0,0.0]	[-0.0,0.0]	[-0.0,0.0]	[-0.0,0.0]	[-0.0,0.0]	[-0.0,0.0]	[-0.0,0.0]	[-0.0,0.0]	[-0.0,0.0]	[-0.0,0.0]	[-0.0,0.0]	
Tran 301: 	[1.0,-1.0]	[1.0,-1.0]	[1.0,-1.0]	[1.0,-1.0]	[1.0,-1.0]	[1.0,-1.0]	[1.0,-1.0]	[1.0,-1.0]	[1.0,-1.0]	[1.0,-1.0]	[1.0,-1.0]	[1.0,-1.0]	[1.0,-1.0]	[1.0,-1.0]	[1.0,-1.0]	[1.0,-1.0]	[1.0,-1.0]	
Step 302: 	[-0.0,0.0]	[-0.0,0.0]	[-0.0,0.0]	[-0.0,0.0]	[-0.0,0.0]	[-0.0,0.0]	[-0.0,0.0]	[-0.0,0.0]	[-0.0,0.0]	[-0.0,0.0]	[-0.0,0.0]	[-0.0,0.0]	[-0.0,0.0]	[-0.0,0.0]	[-0.0,0.0]	[-0.0,0.0]	[-0.0,0.0]	
Step 303: 	[1.0,1.0]	[-0.0,0.0]	[-0.0,0.0]	[-0.0,0.0]	[-0.0,0.0]	[-0.0,0.0]	[-0.0,0.0]	[-0.0,0.0]	[-0.0,0.0]	[-0.0,0.0]	[-0.0,0.0]	[-0.0,0.0]	[-0.0,0.0]	[-0.0,0.0]	[-0.0,0.0]	[-0.0,0.0]	[-0.0,0.0]	
Tran 302: 	[1.0,1.0]	[-0.0,0.0]	[-0.0,0.0]	[-0.0,0.0]	[-0.0,0.0]	[-0.0,0.0]	[-0.0,0.0]	[-0.0,0.0]	[-0.0,0.0]	[-0.0,0.0]	[-0.0,0.0]	[-0.0,0.0]	[-0.0,0.0]	[-0.0,0.0]	[-0.0,0.0]	[-0.0,0.0]	[-0.0,0.0]	
Tran 304: 	[1.0,1.0]	[-0.0,0.0]	[-0.0,0.0]	[-0.0,0.0]	[-0.0,0.0]	[-0.0,0.0]	[-0.0,0.0]	[-0.0,0.0]	[-0.0,0.0]	[-0.0,0.0]	[-0.0,0.0]	[-0.0,0.0]	[-0.0,0.0]	[-0.0,0.0]	[-0.0,0.0]	[-0.0,0.0]	[-0.0,0.0]	
Step 301: 	[1.0,-1.0]	[1.0,-1.0]	[1.0,-1.0]	[1.0,-1.0]	[1.0,-1.0]	[1.0,-1.0]	[1.0,-1.0]	[1.0,-1.0]	[1.0,-1.0]	[1.0,-1.0]	[1.0,-1.0]	[1.0,-1.0]	[1.0,-1.0]	[1.0,-1.0]	[1.0,-1.0]	[1.0,-1.0]	[1.0,-1.0]	
Tran 303: 	[1.0,1.0]	[-0.0,0.0]	[-0.0,0.0]	[-0.0,0.0]	[-0.0,0.0]	[-0.0,0.0]	[-0.0,0.0]	[-0.0,0.0]	[-0.0,0.0]	[-0.0,0.0]	[-0.0,0.0]	[-0.0,0.0]	[-0.0,0.0]	[-0.0,0.0]	[-0.0,0.0]	[-0.0,0.0]	[-0.0,0.0]	
===== G5 =====
===== G5 (0) =====
Variables: 	2s/X202	Ausloeser3	Ausloeser5	Eindruecken2	Foerderband	GUTTEIL	Handling1	Handling7	K2	K3	K51	K52	K71	K72	Kontaktierung5	Lineareinheit1	LineareinheitVor7	LineareinheitZur7	
Tran 510: 	[-0.0,0.0]	[-0.0,0.0]	[-0.0,0.0]	[-0.0,0.0]	[-0.0,0.0]	[-0.0,1.0]	[-0.0,0.0]	[-0.0,0.0]	[-0.0,0.0]	[-0.0,0.0]	[0.0,4.0]	[0.0,Infinity]	[-0.0,0.0]	[-0.0,0.0]	[-0.0,0.0]	[-0.0,0.0]	[-0.0,0.0]	[-0.0,0.0]	
Tran 515: 	[-0.0,0.0]	[-0.0,0.0]	[-0.0,0.0]	[-0.0,0.0]	[-0.0,0.0]	[-0.0,0.0]	[-0.0,0.0]	[-0.0,0.0]	[-0.0,0.0]	[-0.0,0.0]	[5.0,5.0]	[-0.0,4.0]	[-0.0,0.0]	[-0.0,0.0]	[-0.0,0.0]	[-0.0,0.0]	[-0.0,0.0]	[-0.0,0.0]	
Step 512: 	[-0.0,0.0]	[-0.0,0.0]	[-0.0,0.0]	[-0.0,0.0]	[-0.0,0.0]	[-0.0,1.0]	[-0.0,0.0]	[-0.0,0.0]	[-0.0,0.0]	[-0.0,0.0]	[5.0,5.0]	[5.0,5.0]	[-0.0,0.0]	[-0.0,0.0]	[-0.0,0.0]	[-0.0,0.0]	[-0.0,0.0]	[-0.0,0.0]	
Tran 504: 	[-0.0,0.0]	[-0.0,0.0]	[1.0,1.0]	[-0.0,0.0]	[-0.0,0.0]	[-0.0,1.0]	[-0.0,0.0]	[-0.0,0.0]	[-0.0,0.0]	[-0.0,0.0]	[0.0,4.0]	[0.0,Infinity]	[-0.0,0.0]	[-0.0,0.0]	[-0.0,0.0]	[-0.0,0.0]	[-0.0,0.0]	[-0.0,0.0]	
Step 511: 	[-0.0,0.0]	[-0.0,0.0]	[-0.0,0.0]	[-0.0,0.0]	[-0.0,0.0]	[-0.0,1.0]	[-0.0,0.0]	[-0.0,0.0]	[-0.0,0.0]	[-0.0,0.0]	[0.0,4.0]	[0.0,Infinity]	[-0.0,0.0]	[-0.0,0.0]	[1.0,1.0]	[-0.0,0.0]	[-0.0,0.0]	[-0.0,0.0]	
Tran 501: 	[-0.0,0.0]	[-0.0,0.0]	[-0.0,0.0]	[-0.0,0.0]	[-0.0,0.0]	[-0.0,1.0]	[-0.0,0.0]	[-0.0,0.0]	[-0.0,0.0]	[-0.0,0.0]	[0.0,0.0]	[0.0,0.0]	[-0.0,0.0]	[-0.0,0.0]	[-0.0,0.0]	[-0.0,0.0]	[-0.0,0.0]	[-0.0,0.0]	
Step 502: 	[-0.0,0.0]	[-0.0,0.0]	[-0.0,0.0]	[-0.0,0.0]	[-0.0,0.0]	[-0.0,1.0]	[-0.0,0.0]	[-0.0,0.0]	[-0.0,0.0]	[-0.0,0.0]	[0.0,4.0]	[0.0,4.0]	[-0.0,0.0]	[-0.0,0.0]	[-0.0,0.0]	[-0.0,0.0]	[-0.0,0.0]	[-0.0,0.0]	
Tran 508: 	[-0.0,0.0]	[-0.0,0.0]	[-0.0,0.0]	[-0.0,0.0]	[-0.0,0.0]	[-0.0,1.0]	[-0.0,0.0]	[-0.0,0.0]	[-0.0,0.0]	[-0.0,0.0]	[0.0,4.0]	[1.0,Infinity]	[-0.0,0.0]	[-0.0,0.0]	[-0.0,0.0]	[-0.0,0.0]	[-0.0,0.0]	[-0.0,0.0]	
Tran 506: 	[-0.0,0.0]	[-0.0,0.0]	[-0.0,0.0]	[-0.0,0.0]	[-0.0,0.0]	[-0.0,1.0]	[-0.0,0.0]	[-0.0,0.0]	[-0.0,0.0]	[-0.0,0.0]	[1.0,5.0]	[0.0,Infinity]	[-0.0,0.0]	[-0.0,0.0]	[-0.0,0.0]	[-0.0,0.0]	[-0.0,0.0]	[-0.0,0.0]	
Tran 513: 	[-0.0,0.0]	[-0.0,0.0]	[-0.0,0.0]	[-0.0,0.0]	[-0.0,0.0]	[-0.0,1.0]	[-0.0,0.0]	[-0.0,0.0]	[-0.0,0.0]	[-0.0,0.0]	[0.0,5.0]	[-0.0,Infinity]	[-0.0,0.0]	[-0.0,0.0]	[-0.0,0.0]	[-0.0,0.0]	[-0.0,0.0]	[-0.0,0.0]	
Tran 512: 	[-0.0,0.0]	[-0.0,0.0]	[-0.0,0.0]	[-0.0,0.0]	[-0.0,0.0]	[-0.0,1.0]	[-0.0,0.0]	[-0.0,0.0]	[-0.0,0.0]	[-0.0,0.0]	[0.0,5.0]	[-0.0,Infinity]	[-0.0,0.0]	[-0.0,0.0]	[-0.0,0.0]	[-0.0,0.0]	[-0.0,0.0]	[-0.0,0.0]	
Tran 507: 	[-0.0,0.0]	[-0.0,0.0]	[-0.0,0.0]	[-0.0,0.0]	[-0.0,0.0]	[-0.0,1.0]	[-0.0,0.0]	[-0.0,0.0]	[-0.0,0.0]	[-0.0,0.0]	[0.0,4.0]	[0.0,Infinity]	[-0.0,0.0]	[-0.0,0.0]	[1.0,1.0]	[-0.0,0.0]	[-0.0,0.0]	[-0.0,0.0]	
Step 506: 	[-0.0,0.0]	[-0.0,0.0]	[1.0,1.0]	[-0.0,0.0]	[-0.0,0.0]	[-0.0,1.0]	[-0.0,0.0]	[-0.0,0.0]	[-0.0,0.0]	[-0.0,0.0]	[0.0,4.0]	[0.0,Infinity]	[-0.0,0.0]	[-0.0,0.0]	[-0.0,0.0]	[-0.0,0.0]	[-0.0,0.0]	[-0.0,0.0]	
Tran 505: 	[-0.0,0.0]	[-0.0,0.0]	[1.0,1.0]	[-0.0,0.0]	[-0.0,0.0]	[-0.0,1.0]	[-0.0,0.0]	[-0.0,0.0]	[-0.0,0.0]	[-0.0,0.0]	[0.0,4.0]	[0.0,Infinity]	[-0.0,0.0]	[-0.0,0.0]	[-0.0,0.0]	[-0.0,0.0]	[-0.0,0.0]	[-0.0,0.0]	
Tran 511: 	[-0.0,0.0]	[-0.0,0.0]	[-0.0,0.0]	[-0.0,0.0]	[-0.0,0.0]	[-0.0,1.0]	[-0.0,0.0]	[-0.0,0.0]	[-0.0,0.0]	[-0.0,0.0]	[0.0,5.0]	[-0.0,Infinity]	[-0.0,0.0]	[-0.0,0.0]	[-0.0,0.0]	[-0.0,0.0]	[-0.0,0.0]	[-0.0,0.0]	
Step 501: 	[-0.0,0.0]	[-0.0,0.0]	[-0.0,0.0]	[-0.0,0.0]	[-0.0,0.0]	[-0.0,1.0]	[-0.0,0.0]	[-0.0,0.0]	[-0.0,0.0]	[-0.0,0.0]	[5.0,5.0]	[-0.0,5.0]	[-0.0,0.0]	[-0.0,0.0]	[-0.0,0.0]	[-0.0,0.0]	[-0.0,0.0]	[-0.0,0.0]	
Step 504: 	[-0.0,0.0]	[-0.0,0.0]	[1.0,1.0]	[-0.0,0.0]	[-0.0,0.0]	[-0.0,1.0]	[-0.0,0.0]	[-0.0,0.0]	[-0.0,0.0]	[-0.0,0.0]	[0.0,4.0]	[0.0,Infinity]	[-0.0,0.0]	[-0.0,0.0]	[-0.0,0.0]	[-0.0,0.0]	[-0.0,0.0]	[-0.0,0.0]	
Step 507: 	[-0.0,0.0]	[-0.0,0.0]	[-0.0,0.0]	[-0.0,0.0]	[-0.0,0.0]	[-0.0,1.0]	[-0.0,0.0]	[-0.0,0.0]	[-0.0,0.0]	[-0.0,0.0]	[1.0,5.0]	[0.0,Infinity]	[-0.0,0.0]	[-0.0,0.0]	[-0.0,0.0]	[-0.0,0.0]	[-0.0,0.0]	[-0.0,0.0]	
Step 508: 	[-0.0,0.0]	[-0.0,0.0]	[-0.0,0.0]	[-0.0,0.0]	[-0.0,0.0]	[-0.0,1.0]	[-0.0,0.0]	[-0.0,0.0]	[-0.0,0.0]	[-0.0,0.0]	[0.0,4.0]	[0.0,Infinity]	[-0.0,0.0]	[-0.0,0.0]	[-0.0,0.0]	[-0.0,0.0]	[-0.0,0.0]	[-0.0,0.0]	
Tran 509: 	[-0.0,0.0]	[-0.0,0.0]	[-0.0,0.0]	[-0.0,0.0]	[-0.0,0.0]	[-0.0,1.0]	[-0.0,0.0]	[-0.0,0.0]	[-0.0,0.0]	[-0.0,0.0]	[0.0,4.0]	[0.0,Infinity]	[-0.0,0.0]	[-0.0,0.0]	[1.0,1.0]	[-0.0,0.0]	[-0.0,0.0]	[-0.0,0.0]	
Tran 514: 	[-0.0,0.0]	[-0.0,0.0]	[-0.0,0.0]	[-0.0,0.0]	[-0.0,0.0]	[1.0,1.0]	[-0.0,0.0]	[-0.0,0.0]	[-0.0,0.0]	[-0.0,0.0]	[5.0,5.0]	[5.0,5.0]	[-0.0,0.0]	[-0.0,0.0]	[-0.0,0.0]	[-0.0,0.0]	[-0.0,0.0]	[-0.0,0.0]	
Step 513: 	[-0.0,0.0]	[-0.0,0.0]	[-0.0,0.0]	[-0.0,0.0]	[-0.0,0.0]	[-0.0,1.0]	[-0.0,0.0]	[-0.0,0.0]	[-0.0,0.0]	[-0.0,0.0]	[5.0,5.0]	[-0.0,4.0]	[-0.0,0.0]	[-0.0,0.0]	[-0.0,0.0]	[-0.0,0.0]	[-0.0,0.0]	[-0.0,0.0]	
Step 509: 	[-0.0,0.0]	[-0.0,0.0]	[-0.0,0.0]	[-0.0,0.0]	[-0.0,0.0]	[-0.0,1.0]	[-0.0,0.0]	[-0.0,0.0]	[-0.0,0.0]	[-0.0,0.0]	[0.0,4.0]	[0.0,Infinity]	[-0.0,0.0]	[-0.0,0.0]	[1.0,1.0]	[-0.0,0.0]	[-0.0,0.0]	[-0.0,0.0]	
Step 510: 	[-0.0,0.0]	[-0.0,0.0]	[-0.0,0.0]	[-0.0,0.0]	[-0.0,0.0]	[-0.0,1.0]	[-0.0,0.0]	[-0.0,0.0]	[-0.0,0.0]	[-0.0,0.0]	[0.0,4.0]	[-0.0,Infinity]	[-0.0,0.0]	[-0.0,0.0]	[-0.0,0.0]	[-0.0,0.0]	[-0.0,0.0]	[-0.0,0.0]	
Step 505: 	[-0.0,0.0]	[-0.0,0.0]	[1.0,1.0]	[-0.0,0.0]	[-0.0,0.0]	[-0.0,1.0]	[-0.0,0.0]	[-0.0,0.0]	[-0.0,0.0]	[-0.0,0.0]	[0.0,4.0]	[0.0,Infinity]	[-0.0,0.0]	[-0.0,0.0]	[-0.0,0.0]	[-0.0,0.0]	[-0.0,0.0]	[-0.0,0.0]	
Tran 502: 	[-0.0,0.0]	[-0.0,0.0]	[-0.0,0.0]	[-0.0,0.0]	[-0.0,0.0]	[-0.0,1.0]	[-0.0,0.0]	[-0.0,0.0]	[-0.0,0.0]	[-0.0,0.0]	[0.0,4.0]	[0.0,Infinity]	[-0.0,0.0]	[-0.0,0.0]	[-0.0,0.0]	[-0.0,0.0]	[-0.0,0.0]	[-0.0,0.0]	
Step 503: 	[-0.0,0.0]	[-0.0,0.0]	[-0.0,0.0]	[-0.0,0.0]	[-0.0,0.0]	[-0.0,1.0]	[-0.0,0.0]	[-0.0,0.0]	[-0.0,0.0]	[-0.0,0.0]	[0.0,4.0]	[0.0,Infinity]	[-0.0,0.0]	[-0.0,0.0]	[-0.0,0.0]	[-0.0,0.0]	[-0.0,0.0]	[-0.0,0.0]	
Tran 503: 	[-0.0,0.0]	[-0.0,0.0]	[1.0,1.0]	[-0.0,0.0]	[-0.0,0.0]	[-0.0,1.0]	[-0.0,0.0]	[-0.0,0.0]	[-0.0,0.0]	[-0.0,0.0]	[0.0,4.0]	[0.0,Infinity]	[-0.0,0.0]	[-0.0,0.0]	[-0.0,0.0]	[-0.0,0.0]	[-0.0,0.0]	[-0.0,0.0]	
===== G5 (1) =====
Variables: 	Spannen3	Spannen5	StartTeller	Station1_fertig	Station2_fertig	Station3_fertig	Station5_fertig	Station6_fertig	Station7_fertig	StempelIn6	Stoerung2	Stoessel3	Stoessel5	Vereinzelung1	VorVereinzelung1	Zange1	Zange7	
Tran 510: 	[-0.0,0.0]	[1.0,1.0]	[-0.0,0.0]	[-0.0,0.0]	[-0.0,0.0]	[-0.0,0.0]	[-0.0,1.0]	[-0.0,0.0]	[-0.0,0.0]	[-0.0,0.0]	[-0.0,0.0]	[-0.0,0.0]	[-0.0,0.0]	[-0.0,0.0]	[-0.0,0.0]	[-0.0,0.0]	[-0.0,0.0]	
Tran 515: 	[-0.0,0.0]	[1.0,1.0]	[-0.0,0.0]	[-0.0,0.0]	[-0.0,0.0]	[-0.0,0.0]	[-0.0,1.0]	[-0.0,0.0]	[-0.0,0.0]	[-0.0,0.0]	[-0.0,0.0]	[-0.0,0.0]	[-0.0,0.0]	[-0.0,0.0]	[-0.0,0.0]	[-0.0,0.0]	[-0.0,0.0]	
Step 512: 	[-0.0,0.0]	[1.0,1.0]	[-0.0,0.0]	[-0.0,0.0]	[-0.0,0.0]	[-0.0,0.0]	[-0.0,1.0]	[-0.0,0.0]	[-0.0,0.0]	[-0.0,0.0]	[-0.0,0.0]	[-0.0,0.0]	[-0.0,0.0]	[-0.0,0.0]	[-0.0,0.0]	[-0.0,0.0]	[-0.0,0.0]	
Tran 504: 	[-0.0,0.0]	[1.0,1.0]	[-0.0,0.0]	[-0.0,0.0]	[-0.0,0.0]	[-0.0,0.0]	[-0.0,1.0]	[-0.0,0.0]	[-0.0,0.0]	[-0.0,0.0]	[-0.0,0.0]	[-0.0,0.0]	[-0.0,0.0]	[-0.0,0.0]	[-0.0,0.0]	[-0.0,0.0]	[-0.0,0.0]	
Step 511: 	[-0.0,0.0]	[1.0,1.0]	[-0.0,0.0]	[-0.0,0.0]	[-0.0,0.0]	[-0.0,0.0]	[-0.0,1.0]	[-0.0,0.0]	[-0.0,0.0]	[-0.0,0.0]	[-0.0,0.0]	[-0.0,0.0]	[-0.0,0.0]	[-0.0,0.0]	[-0.0,0.0]	[-0.0,0.0]	[-0.0,0.0]	
Tran 501: 	[-0.0,0.0]	[-0.0,0.0]	[-0.0,0.0]	[-0.0,0.0]	[-0.0,0.0]	[-0.0,0.0]	[1.0,1.0]	[-0.0,0.0]	[-0.0,0.0]	[-0.0,0.0]	[-0.0,0.0]	[-0.0,0.0]	[-0.0,0.0]	[-0.0,0.0]	[-0.0,0.0]	[-0.0,0.0]	[-0.0,0.0]	
Step 502: 	[-0.0,0.0]	[-0.0,1.0]	[-0.0,0.0]	[-0.0,0.0]	[-0.0,0.0]	[-0.0,0.0]	[-0.0,1.0]	[-0.0,0.0]	[-0.0,0.0]	[-0.0,0.0]	[-0.0,0.0]	[-0.0,0.0]	[-0.0,0.0]	[-0.0,0.0]	[-0.0,0.0]	[-0.0,0.0]	[-0.0,0.0]	
Tran 508: 	[-0.0,0.0]	[1.0,1.0]	[-0.0,0.0]	[-0.0,0.0]	[-0.0,0.0]	[-0.0,0.0]	[-0.0,1.0]	[-0.0,0.0]	[-0.0,0.0]	[-0.0,0.0]	[-0.0,0.0]	[-0.0,0.0]	[-0.0,0.0]	[-0.0,0.0]	[-0.0,0.0]	[-0.0,0.0]	[-0.0,0.0]	
Tran 506: 	[-0.0,0.0]	[1.0,1.0]	[-0.0,0.0]	[-0.0,0.0]	[-0.0,0.0]	[-0.0,0.0]	[-0.0,1.0]	[-0.0,0.0]	[-0.0,0.0]	[-0.0,0.0]	[-0.0,0.0]	[-0.0,0.0]	[-0.0,0.0]	[-0.0,0.0]	[-0.0,0.0]	[-0.0,0.0]	[-0.0,0.0]	
Tran 513: 	[-0.0,0.0]	[1.0,1.0]	[-0.0,0.0]	[-0.0,0.0]	[-0.0,0.0]	[-0.0,0.0]	[-0.0,1.0]	[-0.0,0.0]	[-0.0,0.0]	[-0.0,0.0]	[-0.0,0.0]	[-0.0,0.0]	[-0.0,0.0]	[-0.0,0.0]	[-0.0,0.0]	[-0.0,0.0]	[-0.0,0.0]	
Tran 512: 	[-0.0,0.0]	[1.0,1.0]	[-0.0,0.0]	[-0.0,0.0]	[-0.0,0.0]	[-0.0,0.0]	[-0.0,1.0]	[-0.0,0.0]	[-0.0,0.0]	[-0.0,0.0]	[-0.0,0.0]	[-0.0,0.0]	[-0.0,0.0]	[-0.0,0.0]	[-0.0,0.0]	[-0.0,0.0]	[-0.0,0.0]	
Tran 507: 	[-0.0,0.0]	[1.0,1.0]	[-0.0,0.0]	[-0.0,0.0]	[-0.0,0.0]	[-0.0,0.0]	[-0.0,1.0]	[-0.0,0.0]	[-0.0,0.0]	[-0.0,0.0]	[-0.0,0.0]	[-0.0,0.0]	[-0.0,0.0]	[-0.0,0.0]	[-0.0,0.0]	[-0.0,0.0]	[-0.0,0.0]	
Step 506: 	[-0.0,0.0]	[1.0,1.0]	[-0.0,0.0]	[-0.0,0.0]	[-0.0,0.0]	[-0.0,0.0]	[-0.0,1.0]	[-0.0,0.0]	[-0.0,0.0]	[-0.0,0.0]	[-0.0,0.0]	[-0.0,0.0]	[-0.0,0.0]	[-0.0,0.0]	[-0.0,0.0]	[-0.0,0.0]	[-0.0,0.0]	
Tran 505: 	[-0.0,0.0]	[1.0,1.0]	[-0.0,0.0]	[-0.0,0.0]	[-0.0,0.0]	[-0.0,0.0]	[-0.0,1.0]	[-0.0,0.0]	[-0.0,0.0]	[-0.0,0.0]	[-0.0,0.0]	[-0.0,0.0]	[-0.0,0.0]	[-0.0,0.0]	[-0.0,0.0]	[-0.0,0.0]	[-0.0,0.0]	
Tran 511: 	[-0.0,0.0]	[1.0,1.0]	[-0.0,0.0]	[-0.0,0.0]	[-0.0,0.0]	[-0.0,0.0]	[-0.0,1.0]	[-0.0,0.0]	[-0.0,0.0]	[-0.0,0.0]	[-0.0,0.0]	[-0.0,0.0]	[-0.0,0.0]	[-0.0,0.0]	[-0.0,0.0]	[-0.0,0.0]	[-0.0,0.0]	
Step 501: 	[-0.0,0.0]	[1.0,1.0]	[-0.0,0.0]	[-0.0,0.0]	[-0.0,0.0]	[-0.0,0.0]	[-0.0,1.0]	[-0.0,0.0]	[-0.0,0.0]	[-0.0,0.0]	[-0.0,0.0]	[-0.0,0.0]	[-0.0,0.0]	[-0.0,0.0]	[-0.0,0.0]	[-0.0,0.0]	[-0.0,0.0]	
Step 504: 	[-0.0,0.0]	[1.0,1.0]	[-0.0,0.0]	[-0.0,0.0]	[-0.0,0.0]	[-0.0,0.0]	[-0.0,1.0]	[-0.0,0.0]	[-0.0,0.0]	[-0.0,0.0]	[-0.0,0.0]	[-0.0,0.0]	[-0.0,0.0]	[-0.0,0.0]	[-0.0,0.0]	[-0.0,0.0]	[-0.0,0.0]	
Step 507: 	[-0.0,0.0]	[1.0,1.0]	[-0.0,0.0]	[-0.0,0.0]	[-0.0,0.0]	[-0.0,0.0]	[-0.0,1.0]	[-0.0,0.0]	[-0.0,0.0]	[-0.0,0.0]	[-0.0,0.0]	[-0.0,0.0]	[-0.0,0.0]	[-0.0,0.0]	[-0.0,0.0]	[-0.0,0.0]	[-0.0,0.0]	
Step 508: 	[-0.0,0.0]	[1.0,1.0]	[-0.0,0.0]	[-0.0,0.0]	[-0.0,0.0]	[-0.0,0.0]	[-0.0,1.0]	[-0.0,0.0]	[-0.0,0.0]	[-0.0,0.0]	[-0.0,0.0]	[-0.0,0.0]	[-0.0,0.0]	[-0.0,0.0]	[-0.0,0.0]	[-0.0,0.0]	[-0.0,0.0]	
Tran 509: 	[-0.0,0.0]	[1.0,1.0]	[-0.0,0.0]	[-0.0,0.0]	[-0.0,0.0]	[-0.0,0.0]	[-0.0,1.0]	[-0.0,0.0]	[-0.0,0.0]	[-0.0,0.0]	[-0.0,0.0]	[-0.0,0.0]	[-0.0,0.0]	[-0.0,0.0]	[-0.0,0.0]	[-0.0,0.0]	[-0.0,0.0]	
Tran 514: 	[-0.0,0.0]	[1.0,1.0]	[-0.0,0.0]	[-0.0,0.0]	[-0.0,0.0]	[-0.0,0.0]	[-0.0,1.0]	[-0.0,0.0]	[-0.0,0.0]	[-0.0,0.0]	[-0.0,0.0]	[-0.0,0.0]	[-0.0,0.0]	[-0.0,0.0]	[-0.0,0.0]	[-0.0,0.0]	[-0.0,0.0]	
Step 513: 	[-0.0,0.0]	[1.0,1.0]	[-0.0,0.0]	[-0.0,0.0]	[-0.0,0.0]	[-0.0,0.0]	[-0.0,1.0]	[-0.0,0.0]	[-0.0,0.0]	[-0.0,0.0]	[-0.0,0.0]	[-0.0,0.0]	[-0.0,0.0]	[-0.0,0.0]	[-0.0,0.0]	[-0.0,0.0]	[-0.0,0.0]	
Step 509: 	[-0.0,0.0]	[1.0,1.0]	[-0.0,0.0]	[-0.0,0.0]	[-0.0,0.0]	[-0.0,0.0]	[-0.0,1.0]	[-0.0,0.0]	[-0.0,0.0]	[-0.0,0.0]	[-0.0,0.0]	[-0.0,0.0]	[-0.0,0.0]	[-0.0,0.0]	[-0.0,0.0]	[-0.0,0.0]	[-0.0,0.0]	
Step 510: 	[-0.0,0.0]	[1.0,1.0]	[-0.0,0.0]	[-0.0,0.0]	[-0.0,0.0]	[-0.0,0.0]	[-0.0,1.0]	[-0.0,0.0]	[-0.0,0.0]	[-0.0,0.0]	[-0.0,0.0]	[-0.0,0.0]	[-0.0,0.0]	[-0.0,0.0]	[-0.0,0.0]	[-0.0,0.0]	[-0.0,0.0]	
Step 505: 	[-0.0,0.0]	[1.0,1.0]	[-0.0,0.0]	[-0.0,0.0]	[-0.0,0.0]	[-0.0,0.0]	[-0.0,1.0]	[-0.0,0.0]	[-0.0,0.0]	[-0.0,0.0]	[-0.0,0.0]	[-0.0,0.0]	[-0.0,0.0]	[-0.0,0.0]	[-0.0,0.0]	[-0.0,0.0]	[-0.0,0.0]	
Tran 502: 	[-0.0,0.0]	[1.0,1.0]	[-0.0,0.0]	[-0.0,0.0]	[-0.0,0.0]	[-0.0,0.0]	[-0.0,1.0]	[-0.0,0.0]	[-0.0,0.0]	[-0.0,0.0]	[-0.0,0.0]	[-0.0,0.0]	[-0.0,0.0]	[-0.0,0.0]	[-0.0,0.0]	[-0.0,0.0]	[-0.0,0.0]	
Step 503: 	[-0.0,0.0]	[1.0,1.0]	[-0.0,0.0]	[-0.0,0.0]	[-0.0,0.0]	[-0.0,0.0]	[-0.0,1.0]	[-0.0,0.0]	[-0.0,0.0]	[-0.0,0.0]	[-0.0,0.0]	[-0.0,0.0]	[-0.0,0.0]	[-0.0,0.0]	[-0.0,0.0]	[-0.0,0.0]	[-0.0,0.0]	
Tran 503: 	[-0.0,0.0]	[1.0,1.0]	[-0.0,0.0]	[-0.0,0.0]	[-0.0,0.0]	[-0.0,0.0]	[-0.0,1.0]	[-0.0,0.0]	[-0.0,0.0]	[-0.0,0.0]	[-0.0,0.0]	[-0.0,0.0]	[-0.0,0.0]	[-0.0,0.0]	[-0.0,0.0]	[-0.0,0.0]	[-0.0,0.0]	
===== G0 =====
===== G0 (0) =====
Variables: 	2s/X202	Ausloeser3	Ausloeser5	Eindruecken2	Foerderband	GUTTEIL	Handling1	Handling7	K2	K3	K51	K52	K71	K72	Kontaktierung5	Lineareinheit1	LineareinheitVor7	LineareinheitZur7	
Step 15: 	[-0.0,0.0]	[-0.0,0.0]	[-0.0,0.0]	[-0.0,0.0]	[1.0,1.0]	[-0.0,0.0]	[-0.0,0.0]	[-0.0,0.0]	[-0.0,0.0]	[-0.0,0.0]	[-0.0,0.0]	[-0.0,0.0]	[-0.0,0.0]	[-0.0,0.0]	[-0.0,0.0]	[-0.0,0.0]	[-0.0,0.0]	[-0.0,0.0]	
Step 16: 	[-0.0,0.0]	[-0.0,0.0]	[-0.0,0.0]	[-0.0,0.0]	[1.0,1.0]	[-0.0,0.0]	[-0.0,0.0]	[-0.0,0.0]	[-0.0,0.0]	[-0.0,0.0]	[-0.0,0.0]	[-0.0,0.0]	[-0.0,0.0]	[-0.0,0.0]	[-0.0,0.0]	[-0.0,0.0]	[-0.0,0.0]	[-0.0,0.0]	
Tran 14: 	[-0.0,0.0]	[-0.0,0.0]	[-0.0,0.0]	[-0.0,0.0]	[1.0,1.0]	[-0.0,0.0]	[-0.0,0.0]	[-0.0,0.0]	[-0.0,0.0]	[-0.0,0.0]	[-0.0,0.0]	[-0.0,0.0]	[-0.0,0.0]	[-0.0,0.0]	[-0.0,0.0]	[-0.0,0.0]	[-0.0,0.0]	[-0.0,0.0]	
Tran 12: 	[-0.0,0.0]	[-0.0,0.0]	[-0.0,0.0]	[-0.0,0.0]	[1.0,1.0]	[-0.0,0.0]	[-0.0,0.0]	[-0.0,0.0]	[-0.0,0.0]	[-0.0,0.0]	[-0.0,0.0]	[-0.0,0.0]	[-0.0,0.0]	[-0.0,0.0]	[-0.0,0.0]	[-0.0,0.0]	[-0.0,0.0]	[-0.0,0.0]	
Tran 13: 	[-0.0,0.0]	[-0.0,0.0]	[-0.0,0.0]	[-0.0,0.0]	[1.0,1.0]	[-0.0,0.0]	[-0.0,0.0]	[-0.0,0.0]	[-0.0,0.0]	[-0.0,0.0]	[-0.0,0.0]	[-0.0,0.0]	[-0.0,0.0]	[-0.0,0.0]	[-0.0,0.0]	[-0.0,0.0]	[-0.0,0.0]	[-0.0,0.0]	
Step 13: 	[-0.0,0.0]	[-0.0,0.0]	[-0.0,0.0]	[-0.0,0.0]	[1.0,1.0]	[-0.0,0.0]	[-0.0,0.0]	[-0.0,0.0]	[-0.0,0.0]	[-0.0,0.0]	[-0.0,0.0]	[-0.0,0.0]	[-0.0,0.0]	[-0.0,0.0]	[-0.0,0.0]	[-0.0,0.0]	[-0.0,0.0]	[-0.0,0.0]	
Step 19: 	[1.0,-1.0]	[1.0,-1.0]	[1.0,-1.0]	[1.0,-1.0]	[1.0,-1.0]	[1.0,-1.0]	[1.0,-1.0]	[1.0,-1.0]	[1.0,-1.0]	[1.0,-1.0]	[1.0,-1.0]	[1.0,-1.0]	[1.0,-1.0]	[1.0,-1.0]	[1.0,-1.0]	[1.0,-1.0]	[1.0,-1.0]	[1.0,-1.0]	
Step 12: 	[-0.0,0.0]	[-0.0,0.0]	[-0.0,0.0]	[-0.0,0.0]	[1.0,1.0]	[-0.0,0.0]	[-0.0,0.0]	[-0.0,0.0]	[-0.0,0.0]	[-0.0,0.0]	[-0.0,0.0]	[-0.0,0.0]	[-0.0,0.0]	[-0.0,0.0]	[-0.0,0.0]	[-0.0,0.0]	[-0.0,0.0]	[-0.0,0.0]	
Step 18: 	[1.0,-1.0]	[1.0,-1.0]	[1.0,-1.0]	[1.0,-1.0]	[1.0,-1.0]	[1.0,-1.0]	[1.0,-1.0]	[1.0,-1.0]	[1.0,-1.0]	[1.0,-1.0]	[1.0,-1.0]	[1.0,-1.0]	[1.0,-1.0]	[1.0,-1.0]	[1.0,-1.0]	[1.0,-1.0]	[1.0,-1.0]	[1.0,-1.0]	
Tran 10: 	[-0.0,0.0]	[-0.0,0.0]	[-0.0,0.0]	[-0.0,0.0]	[1.0,1.0]	[-0.0,0.0]	[-0.0,0.0]	[-0.0,0.0]	[-0.0,0.0]	[-0.0,0.0]	[-0.0,0.0]	[-0.0,0.0]	[-0.0,0.0]	[-0.0,0.0]	[-0.0,0.0]	[-0.0,0.0]	[-0.0,0.0]	[-0.0,0.0]	
Step 21: 	[1.0,-1.0]	[1.0,-1.0]	[1.0,-1.0]	[1.0,-1.0]	[1.0,-1.0]	[1.0,-1.0]	[1.0,-1.0]	[1.0,-1.0]	[1.0,-1.0]	[1.0,-1.0]	[1.0,-1.0]	[1.0,-1.0]	[1.0,-1.0]	[1.0,-1.0]	[1.0,-1.0]	[1.0,-1.0]	[1.0,-1.0]	[1.0,-1.0]	
Step 20: 	[1.0,-1.0]	[1.0,-1.0]	[1.0,-1.0]	[1.0,-1.0]	[1.0,-1.0]	[1.0,-1.0]	[1.0,-1.0]	[1.0,-1.0]	[1.0,-1.0]	[1.0,-1.0]	[1.0,-1.0]	[1.0,-1.0]	[1.0,-1.0]	[1.0,-1.0]	[1.0,-1.0]	[1.0,-1.0]	[1.0,-1.0]	[1.0,-1.0]	
Step 14: 	[-0.0,0.0]	[-0.0,0.0]	[-0.0,0.0]	[-0.0,0.0]	[1.0,1.0]	[-0.0,0.0]	[-0.0,0.0]	[-0.0,0.0]	[-0.0,0.0]	[-0.0,0.0]	[-0.0,0.0]	[-0.0,0.0]	[-0.0,0.0]	[-0.0,0.0]	[-0.0,0.0]	[-0.0,0.0]	[-0.0,0.0]	[-0.0,0.0]	
Step 22: 	[1.0,-1.0]	[1.0,-1.0]	[1.0,-1.0]	[1.0,-1.0]	[1.0,-1.0]	[1.0,-1.0]	[1.0,-1.0]	[1.0,-1.0]	[1.0,-1.0]	[1.0,-1.0]	[1.0,-1.0]	[1.0,-1.0]	[1.0,-1.0]	[1.0,-1.0]	[1.0,-1.0]	[1.0,-1.0]	[1.0,-1.0]	[1.0,-1.0]	
Tran 17: 	[1.0,-1.0]	[1.0,-1.0]	[1.0,-1.0]	[1.0,-1.0]	[1.0,-1.0]	[1.0,-1.0]	[1.0,-1.0]	[1.0,-1.0]	[1.0,-1.0]	[1.0,-1.0]	[1.0,-1.0]	[1.0,-1.0]	[1.0,-1.0]	[1.0,-1.0]	[1.0,-1.0]	[1.0,-1.0]	[1.0,-1.0]	[1.0,-1.0]	
Tran 11: 	[-0.0,0.0]	[-0.0,0.0]	[-0.0,0.0]	[-0.0,0.0]	[1.0,1.0]	[-0.0,0.0]	[-0.0,0.0]	[-0.0,0.0]	[-0.0,0.0]	[-0.0,0.0]	[-0.0,0.0]	[-0.0,0.0]	[-0.0,0.0]	[-0.0,0.0]	[-0.0,0.0]	[-0.0,0.0]	[-0.0,0.0]	[-0.0,0.0]	
Tran 15: 	[-0.0,0.0]	[-0.0,0.0]	[-0.0,0.0]	[-0.0,0.0]	[1.0,1.0]	[-0.0,0.0]	[-0.0,0.0]	[-0.0,0.0]	[-0.0,0.0]	[-0.0,0.0]	[-0.0,0.0]	[-0.0,0.0]	[-0.0,0.0]	[-0.0,0.0]	[-0.0,0.0]	[-0.0,0.0]	[-0.0,0.0]	[-0.0,0.0]	
Step 10: 	[-0.0,0.0]	[-0.0,0.0]	[-0.0,0.0]	[-0.0,0.0]	[-0.0,0.0]	[-0.0,0.0]	[-0.0,0.0]	[-0.0,0.0]	[-0.0,0.0]	[-0.0,0.0]	[-0.0,0.0]	[-0.0,0.0]	[-0.0,0.0]	[-0.0,0.0]	[-0.0,0.0]	[-0.0,0.0]	[-0.0,0.0]	[-0.0,0.0]	
Step 11: 	[-0.0,0.0]	[-0.0,0.0]	[-0.0,0.0]	[-0.0,0.0]	[1.0,1.0]	[-0.0,0.0]	[-0.0,0.0]	[-0.0,0.0]	[-0.0,0.0]	[-0.0,0.0]	[-0.0,0.0]	[-0.0,0.0]	[-0.0,0.0]	[-0.0,0.0]	[-0.0,0.0]	[-0.0,0.0]	[-0.0,0.0]	[-0.0,0.0]	
Step 17: 	[1.0,-1.0]	[1.0,-1.0]	[1.0,-1.0]	[1.0,-1.0]	[1.0,-1.0]	[1.0,-1.0]	[1.0,-1.0]	[1.0,-1.0]	[1.0,-1.0]	[1.0,-1.0]	[1.0,-1.0]	[1.0,-1.0]	[1.0,-1.0]	[1.0,-1.0]	[1.0,-1.0]	[1.0,-1.0]	[1.0,-1.0]	[1.0,-1.0]	
Tran 16: 	[-0.0,0.0]	[-0.0,0.0]	[-0.0,0.0]	[-0.0,0.0]	[1.0,1.0]	[-0.0,0.0]	[-0.0,0.0]	[-0.0,0.0]	[-0.0,0.0]	[-0.0,0.0]	[-0.0,0.0]	[-0.0,0.0]	[-0.0,0.0]	[-0.0,0.0]	[-0.0,0.0]	[-0.0,0.0]	[-0.0,0.0]	[-0.0,0.0]	
===== G0 (1) =====
Variables: 	Spannen3	Spannen5	StartTeller	Station1_fertig	Station2_fertig	Station3_fertig	Station5_fertig	Station6_fertig	Station7_fertig	StempelIn6	Stoerung2	Stoessel3	Stoessel5	Vereinzelung1	VorVereinzelung1	Zange1	Zange7	
Step 15: 	[-0.0,0.0]	[-0.0,0.0]	[-0.0,0.0]	[-0.0,0.0]	[-0.0,0.0]	[-0.0,0.0]	[-0.0,0.0]	[-0.0,0.0]	[-0.0,0.0]	[-0.0,0.0]	[-0.0,0.0]	[-0.0,0.0]	[-0.0,0.0]	[-0.0,0.0]	[-0.0,0.0]	[-0.0,0.0]	[-0.0,0.0]	
Step 16: 	[-0.0,0.0]	[-0.0,0.0]	[-0.0,0.0]	[-0.0,0.0]	[-0.0,0.0]	[-0.0,0.0]	[-0.0,0.0]	[-0.0,0.0]	[-0.0,0.0]	[-0.0,0.0]	[-0.0,0.0]	[-0.0,0.0]	[-0.0,0.0]	[-0.0,0.0]	[-0.0,0.0]	[-0.0,0.0]	[-0.0,0.0]	
Tran 14: 	[-0.0,0.0]	[-0.0,0.0]	[-0.0,0.0]	[-0.0,0.0]	[-0.0,0.0]	[-0.0,0.0]	[-0.0,0.0]	[-0.0,0.0]	[-0.0,0.0]	[-0.0,0.0]	[-0.0,0.0]	[-0.0,0.0]	[-0.0,0.0]	[-0.0,0.0]	[-0.0,0.0]	[-0.0,0.0]	[-0.0,0.0]	
Tran 12: 	[-0.0,0.0]	[-0.0,0.0]	[-0.0,0.0]	[-0.0,0.0]	[-0.0,0.0]	[-0.0,0.0]	[-0.0,0.0]	[-0.0,0.0]	[-0.0,0.0]	[-0.0,0.0]	[-0.0,0.0]	[-0.0,0.0]	[-0.0,0.0]	[-0.0,0.0]	[-0.0,0.0]	[-0.0,0.0]	[-0.0,0.0]	
Tran 13: 	[-0.0,0.0]	[-0.0,0.0]	[-0.0,0.0]	[-0.0,0.0]	[-0.0,0.0]	[-0.0,0.0]	[-0.0,0.0]	[-0.0,0.0]	[-0.0,0.0]	[-0.0,0.0]	[-0.0,0.0]	[-0.0,0.0]	[-0.0,0.0]	[-0.0,0.0]	[-0.0,0.0]	[-0.0,0.0]	[-0.0,0.0]	
Step 13: 	[-0.0,0.0]	[-0.0,0.0]	[-0.0,0.0]	[-0.0,0.0]	[-0.0,0.0]	[-0.0,0.0]	[-0.0,0.0]	[-0.0,0.0]	[-0.0,0.0]	[-0.0,0.0]	[-0.0,0.0]	[-0.0,0.0]	[-0.0,0.0]	[-0.0,0.0]	[-0.0,0.0]	[-0.0,0.0]	[-0.0,0.0]	
Step 19: 	[1.0,-1.0]	[1.0,-1.0]	[1.0,-1.0]	[1.0,-1.0]	[1.0,-1.0]	[1.0,-1.0]	[1.0,-1.0]	[1.0,-1.0]	[1.0,-1.0]	[1.0,-1.0]	[1.0,-1.0]	[1.0,-1.0]	[1.0,-1.0]	[1.0,-1.0]	[1.0,-1.0]	[1.0,-1.0]	[1.0,-1.0]	
Step 12: 	[-0.0,0.0]	[-0.0,0.0]	[-0.0,0.0]	[-0.0,0.0]	[-0.0,0.0]	[-0.0,0.0]	[-0.0,0.0]	[-0.0,0.0]	[-0.0,0.0]	[-0.0,0.0]	[-0.0,0.0]	[-0.0,0.0]	[-0.0,0.0]	[-0.0,0.0]	[-0.0,0.0]	[-0.0,0.0]	[-0.0,0.0]	
Step 18: 	[1.0,-1.0]	[1.0,-1.0]	[1.0,-1.0]	[1.0,-1.0]	[1.0,-1.0]	[1.0,-1.0]	[1.0,-1.0]	[1.0,-1.0]	[1.0,-1.0]	[1.0,-1.0]	[1.0,-1.0]	[1.0,-1.0]	[1.0,-1.0]	[1.0,-1.0]	[1.0,-1.0]	[1.0,-1.0]	[1.0,-1.0]	
Tran 10: 	[-0.0,0.0]	[-0.0,0.0]	[-0.0,0.0]	[-0.0,0.0]	[-0.0,0.0]	[-0.0,0.0]	[-0.0,0.0]	[-0.0,0.0]	[-0.0,0.0]	[-0.0,0.0]	[-0.0,0.0]	[-0.0,0.0]	[-0.0,0.0]	[-0.0,0.0]	[-0.0,0.0]	[-0.0,0.0]	[-0.0,0.0]	
Step 21: 	[1.0,-1.0]	[1.0,-1.0]	[1.0,-1.0]	[1.0,-1.0]	[1.0,-1.0]	[1.0,-1.0]	[1.0,-1.0]	[1.0,-1.0]	[1.0,-1.0]	[1.0,-1.0]	[1.0,-1.0]	[1.0,-1.0]	[1.0,-1.0]	[1.0,-1.0]	[1.0,-1.0]	[1.0,-1.0]	[1.0,-1.0]	
Step 20: 	[1.0,-1.0]	[1.0,-1.0]	[1.0,-1.0]	[1.0,-1.0]	[1.0,-1.0]	[1.0,-1.0]	[1.0,-1.0]	[1.0,-1.0]	[1.0,-1.0]	[1.0,-1.0]	[1.0,-1.0]	[1.0,-1.0]	[1.0,-1.0]	[1.0,-1.0]	[1.0,-1.0]	[1.0,-1.0]	[1.0,-1.0]	
Step 14: 	[-0.0,0.0]	[-0.0,0.0]	[-0.0,0.0]	[-0.0,0.0]	[-0.0,0.0]	[-0.0,0.0]	[-0.0,0.0]	[-0.0,0.0]	[-0.0,0.0]	[-0.0,0.0]	[-0.0,0.0]	[-0.0,0.0]	[-0.0,0.0]	[-0.0,0.0]	[-0.0,0.0]	[-0.0,0.0]	[-0.0,0.0]	
Step 22: 	[1.0,-1.0]	[1.0,-1.0]	[1.0,-1.0]	[1.0,-1.0]	[1.0,-1.0]	[1.0,-1.0]	[1.0,-1.0]	[1.0,-1.0]	[1.0,-1.0]	[1.0,-1.0]	[1.0,-1.0]	[1.0,-1.0]	[1.0,-1.0]	[1.0,-1.0]	[1.0,-1.0]	[1.0,-1.0]	[1.0,-1.0]	
Tran 17: 	[1.0,-1.0]	[1.0,-1.0]	[1.0,-1.0]	[1.0,-1.0]	[1.0,-1.0]	[1.0,-1.0]	[1.0,-1.0]	[1.0,-1.0]	[1.0,-1.0]	[1.0,-1.0]	[1.0,-1.0]	[1.0,-1.0]	[1.0,-1.0]	[1.0,-1.0]	[1.0,-1.0]	[1.0,-1.0]	[1.0,-1.0]	
Tran 11: 	[-0.0,0.0]	[-0.0,0.0]	[-0.0,0.0]	[-0.0,0.0]	[-0.0,0.0]	[-0.0,0.0]	[-0.0,0.0]	[-0.0,0.0]	[-0.0,0.0]	[-0.0,0.0]	[-0.0,0.0]	[-0.0,0.0]	[-0.0,0.0]	[-0.0,0.0]	[-0.0,0.0]	[-0.0,0.0]	[-0.0,0.0]	
Tran 15: 	[-0.0,0.0]	[-0.0,0.0]	[-0.0,0.0]	[-0.0,0.0]	[-0.0,0.0]	[-0.0,0.0]	[-0.0,0.0]	[-0.0,0.0]	[-0.0,0.0]	[-0.0,0.0]	[-0.0,0.0]	[-0.0,0.0]	[-0.0,0.0]	[-0.0,0.0]	[-0.0,0.0]	[-0.0,0.0]	[-0.0,0.0]	
Step 10: 	[-0.0,0.0]	[-0.0,0.0]	[-0.0,0.0]	[-0.0,0.0]	[-0.0,0.0]	[-0.0,0.0]	[-0.0,0.0]	[-0.0,0.0]	[-0.0,0.0]	[-0.0,0.0]	[-0.0,0.0]	[-0.0,0.0]	[-0.0,0.0]	[-0.0,0.0]	[-0.0,0.0]	[-0.0,0.0]	[-0.0,0.0]	
Step 11: 	[-0.0,0.0]	[-0.0,0.0]	[-0.0,0.0]	[-0.0,0.0]	[-0.0,0.0]	[-0.0,0.0]	[-0.0,0.0]	[-0.0,0.0]	[-0.0,0.0]	[-0.0,0.0]	[-0.0,0.0]	[-0.0,0.0]	[-0.0,0.0]	[-0.0,0.0]	[-0.0,0.0]	[-0.0,0.0]	[-0.0,0.0]	
Step 17: 	[1.0,-1.0]	[1.0,-1.0]	[1.0,-1.0]	[1.0,-1.0]	[1.0,-1.0]	[1.0,-1.0]	[1.0,-1.0]	[1.0,-1.0]	[1.0,-1.0]	[1.0,-1.0]	[1.0,-1.0]	[1.0,-1.0]	[1.0,-1.0]	[1.0,-1.0]	[1.0,-1.0]	[1.0,-1.0]	[1.0,-1.0]	
Tran 16: 	[-0.0,0.0]	[-0.0,0.0]	[-0.0,0.0]	[-0.0,0.0]	[-0.0,0.0]	[-0.0,0.0]	[-0.0,0.0]	[-0.0,0.0]	[-0.0,0.0]	[-0.0,0.0]	[-0.0,0.0]	[-0.0,0.0]	[-0.0,0.0]	[-0.0,0.0]	[-0.0,0.0]	[-0.0,0.0]	[-0.0,0.0]	
===== G1 =====
===== G1 (0) =====
Variables: 	2s/X202	Ausloeser3	Ausloeser5	Eindruecken2	Foerderband	GUTTEIL	Handling1	Handling7	K2	K3	K51	K52	K71	K72	Kontaktierung5	Lineareinheit1	LineareinheitVor7	LineareinheitZur7	
Step 107: 	[-0.0,0.0]	[-0.0,0.0]	[-0.0,0.0]	[-0.0,0.0]	[-0.0,0.0]	[-0.0,0.0]	[-0.0,0.0]	[-0.0,0.0]	[-0.0,0.0]	[-0.0,0.0]	[-0.0,0.0]	[-0.0,0.0]	[-0.0,0.0]	[-0.0,0.0]	[-0.0,0.0]	[-0.0,1.0]	[-0.0,0.0]	[-0.0,0.0]	
Step 102: 	[-0.0,0.0]	[-0.0,0.0]	[-0.0,0.0]	[-0.0,0.0]	[-0.0,0.0]	[-0.0,0.0]	[-0.0,0.0]	[-0.0,0.0]	[-0.0,0.0]	[-0.0,0.0]	[-0.0,0.0]	[-0.0,0.0]	[-0.0,0.0]	[-0.0,0.0]	[-0.0,0.0]	[-0.0,1.0]	[-0.0,0.0]	[-0.0,0.0]	
Step 109: 	[-0.0,0.0]	[-0.0,0.0]	[-0.0,0.0]	[-0.0,0.0]	[-0.0,0.0]	[-0.0,0.0]	[1.0,1.0]	[-0.0,0.0]	[-0.0,0.0]	[-0.0,0.0]	[-0.0,0.0]	[-0.0,0.0]	[-0.0,0.0]	[-0.0,0.0]	[-0.0,0.0]	[1.0,1.0]	[-0.0,0.0]	[-0.0,0.0]	
Tran 103: 	[-0.0,0.0]	[-0.0,0.0]	[-0.0,0.0]	[-0.0,0.0]	[-0.0,0.0]	[-0.0,0.0]	[-0.0,0.0]	[-0.0,0.0]	[-0.0,0.0]	[-0.0,0.0]	[-0.0,0.0]	[-0.0,0.0]	[-0.0,0.0]	[-0.0,0.0]	[-0.0,0.0]	[-0.0,1.0]	[-0.0,0.0]	[-0.0,0.0]	
Step 106: 	[-0.0,0.0]	[-0.0,0.0]	[-0.0,0.0]	[-0.0,0.0]	[-0.0,0.0]	[-0.0,0.0]	[1.0,1.0]	[-0.0,0.0]	[-0.0,0.0]	[-0.0,0.0]	[-0.0,0.0]	[-0.0,0.0]	[-0.0,0.0]	[-0.0,0.0]	[-0.0,0.0]	[-0.0,1.0]	[-0.0,0.0]	[-0.0,0.0]	
Step 104: 	[-0.0,0.0]	[-0.0,0.0]	[-0.0,0.0]	[-0.0,0.0]	[-0.0,0.0]	[-0.0,0.0]	[-0.0,0.0]	[-0.0,0.0]	[-0.0,0.0]	[-0.0,0.0]	[-0.0,0.0]	[-0.0,0.0]	[-0.0,0.0]	[-0.0,0.0]	[-0.0,0.0]	[-0.0,1.0]	[-0.0,0.0]	[-0.0,0.0]	
Tran 104: 	[-0.0,0.0]	[-0.0,0.0]	[-0.0,0.0]	[-0.0,0.0]	[-0.0,0.0]	[-0.0,0.0]	[1.0,1.0]	[-0.0,0.0]	[-0.0,0.0]	[-0.0,0.0]	[-0.0,0.0]	[-0.0,0.0]	[-0.0,0.0]	[-0.0,0.0]	[-0.0,0.0]	[-0.0,1.0]	[-0.0,0.0]	[-0.0,0.0]	
Tran 110: 	[-0.0,0.0]	[-0.0,0.0]	[-0.0,0.0]	[-0.0,0.0]	[-0.0,0.0]	[-0.0,0.0]	[-0.0,0.0]	[-0.0,0.0]	[-0.0,0.0]	[-0.0,0.0]	[-0.0,0.0]	[-0.0,0.0]	[-0.0,0.0]	[-0.0,0.0]	[-0.0,0.0]	[1.0,1.0]	[-0.0,0.0]	[-0.0,0.0]	
Step 103: 	[-0.0,0.0]	[-0.0,0.0]	[-0.0,0.0]	[-0.0,0.0]	[-0.0,0.0]	[-0.0,0.0]	[-0.0,0.0]	[-0.0,0.0]	[-0.0,0.0]	[-0.0,0.0]	[-0.0,0.0]	[-0.0,0.0]	[-0.0,0.0]	[-0.0,0.0]	[-0.0,0.0]	[-0.0,1.0]	[-0.0,0.0]	[-0.0,0.0]	
Tran 107: 	[-0.0,0.0]	[-0.0,0.0]	[-0.0,0.0]	[-0.0,0.0]	[-0.0,0.0]	[-0.0,0.0]	[-0.0,0.0]	[-0.0,0.0]	[-0.0,0.0]	[-0.0,0.0]	[-0.0,0.0]	[-0.0,0.0]	[-0.0,0.0]	[-0.0,0.0]	[-0.0,0.0]	[1.0,1.0]	[-0.0,0.0]	[-0.0,0.0]	
Tran 109: 	[-0.0,0.0]	[-0.0,0.0]	[-0.0,0.0]	[-0.0,0.0]	[-0.0,0.0]	[-0.0,0.0]	[1.0,1.0]	[-0.0,0.0]	[-0.0,0.0]	[-0.0,0.0]	[-0.0,0.0]	[-0.0,0.0]	[-0.0,0.0]	[-0.0,0.0]	[-0.0,0.0]	[1.0,1.0]	[-0.0,0.0]	[-0.0,0.0]	
Step 101: 	[-0.0,0.0]	[-0.0,0.0]	[-0.0,0.0]	[-0.0,0.0]	[-0.0,0.0]	[-0.0,0.0]	[-0.0,0.0]	[-0.0,0.0]	[-0.0,0.0]	[-0.0,0.0]	[-0.0,0.0]	[-0.0,0.0]	[-0.0,0.0]	[-0.0,0.0]	[-0.0,0.0]	[1.0,1.0]	[-0.0,0.0]	[-0.0,0.0]	
Step 105: 	[-0.0,0.0]	[-0.0,0.0]	[-0.0,0.0]	[-0.0,0.0]	[-0.0,0.0]	[-0.0,0.0]	[1.0,1.0]	[-0.0,0.0]	[-0.0,0.0]	[-0.0,0.0]	[-0.0,0.0]	[-0.0,0.0]	[-0.0,0.0]	[-0.0,0.0]	[-0.0,0.0]	[-0.0,1.0]	[-0.0,0.0]	[-0.0,0.0]	
Tran 105: 	[-0.0,0.0]	[-0.0,0.0]	[-0.0,0.0]	[-0.0,0.0]	[-0.0,0.0]	[-0.0,0.0]	[1.0,1.0]	[-0.0,0.0]	[-0.0,0.0]	[-0.0,0.0]	[-0.0,0.0]	[-0.0,0.0]	[-0.0,0.0]	[-0.0,0.0]	[-0.0,0.0]	[-0.0,1.0]	[-0.0,0.0]	[-0.0,0.0]	
Step 108: 	[-0.0,0.0]	[-0.0,0.0]	[-0.0,0.0]	[-0.0,0.0]	[-0.0,0.0]	[-0.0,0.0]	[-0.0,0.0]	[-0.0,0.0]	[-0.0,0.0]	[-0.0,0.0]	[-0.0,0.0]	[-0.0,0.0]	[-0.0,0.0]	[-0.0,0.0]	[-0.0,0.0]	[1.0,1.0]	[-0.0,0.0]	[-0.0,0.0]	
Tran 101: 	[-0.0,0.0]	[-0.0,0.0]	[-0.0,0.0]	[-0.0,0.0]	[-0.0,0.0]	[-0.0,0.0]	[-0.0,0.0]	[-0.0,0.0]	[-0.0,0.0]	[-0.0,0.0]	[-0.0,0.0]	[-0.0,0.0]	[-0.0,0.0]	[-0.0,0.0]	[-0.0,0.0]	[1.0,1.0]	[-0.0,0.0]	[-0.0,0.0]	
Tran 108: 	[-0.0,0.0]	[-0.0,0.0]	[-0.0,0.0]	[-0.0,0.0]	[-0.0,0.0]	[-0.0,0.0]	[1.0,1.0]	[-0.0,0.0]	[-0.0,0.0]	[-0.0,0.0]	[-0.0,0.0]	[-0.0,0.0]	[-0.0,0.0]	[-0.0,0.0]	[-0.0,0.0]	[1.0,1.0]	[-0.0,0.0]	[-0.0,0.0]	
Tran 102: 	[-0.0,0.0]	[-0.0,0.0]	[-0.0,0.0]	[-0.0,0.0]	[-0.0,0.0]	[-0.0,0.0]	[-0.0,0.0]	[-0.0,0.0]	[-0.0,0.0]	[-0.0,0.0]	[-0.0,0.0]	[-0.0,0.0]	[-0.0,0.0]	[-0.0,0.0]	[-0.0,0.0]	[-0.0,1.0]	[-0.0,0.0]	[-0.0,0.0]	
Tran 106: 	[-0.0,0.0]	[-0.0,0.0]	[-0.0,0.0]	[-0.0,0.0]	[-0.0,0.0]	[-0.0,0.0]	[-0.0,0.0]	[-0.0,0.0]	[-0.0,0.0]	[-0.0,0.0]	[-0.0,0.0]	[-0.0,0.0]	[-0.0,0.0]	[-0.0,0.0]	[-0.0,0.0]	[-0.0,1.0]	[-0.0,0.0]	[-0.0,0.0]	
Step 110: 	[-0.0,0.0]	[-0.0,0.0]	[-0.0,0.0]	[-0.0,0.0]	[-0.0,0.0]	[-0.0,0.0]	[1.0,1.0]	[-0.0,0.0]	[-0.0,0.0]	[-0.0,0.0]	[-0.0,0.0]	[-0.0,0.0]	[-0.0,0.0]	[-0.0,0.0]	[-0.0,0.0]	[1.0,1.0]	[-0.0,0.0]	[-0.0,0.0]	
===== G1 (1) =====
Variables: 	Spannen3	Spannen5	StartTeller	Station1_fertig	Station2_fertig	Station3_fertig	Station5_fertig	Station6_fertig	Station7_fertig	StempelIn6	Stoerung2	Stoessel3	Stoessel5	Vereinzelung1	VorVereinzelung1	Zange1	Zange7	
Step 107: 	[-0.0,0.0]	[-0.0,0.0]	[-0.0,0.0]	[-0.0,1.0]	[-0.0,0.0]	[-0.0,0.0]	[-0.0,0.0]	[-0.0,0.0]	[-0.0,0.0]	[-0.0,0.0]	[-0.0,0.0]	[-0.0,0.0]	[-0.0,0.0]	[1.0,1.0]	[1.0,1.0]	[1.0,1.0]	[-0.0,0.0]	
Step 102: 	[-0.0,0.0]	[-0.0,0.0]	[-0.0,0.0]	[-0.0,1.0]	[-0.0,0.0]	[-0.0,0.0]	[-0.0,0.0]	[-0.0,0.0]	[-0.0,0.0]	[-0.0,0.0]	[-0.0,0.0]	[-0.0,0.0]	[-0.0,0.0]	[-0.0,1.0]	[-0.0,1.0]	[-0.0,0.0]	[-0.0,0.0]	
Step 109: 	[-0.0,0.0]	[-0.0,0.0]	[-0.0,0.0]	[-0.0,1.0]	[-0.0,0.0]	[-0.0,0.0]	[-0.0,0.0]	[-0.0,0.0]	[-0.0,0.0]	[-0.0,0.0]	[-0.0,0.0]	[-0.0,0.0]	[-0.0,0.0]	[1.0,1.0]	[1.0,1.0]	[1.0,1.0]	[-0.0,0.0]	
Tran 103: 	[-0.0,0.0]	[-0.0,0.0]	[-0.0,0.0]	[-0.0,1.0]	[-0.0,0.0]	[-0.0,0.0]	[-0.0,0.0]	[-0.0,0.0]	[-0.0,0.0]	[-0.0,0.0]	[-0.0,0.0]	[-0.0,0.0]	[-0.0,0.0]	[1.0,1.0]	[1.0,1.0]	[-0.0,0.0]	[-0.0,0.0]	
Step 106: 	[-0.0,0.0]	[-0.0,0.0]	[-0.0,0.0]	[-0.0,1.0]	[-0.0,0.0]	[-0.0,0.0]	[-0.0,0.0]	[-0.0,0.0]	[-0.0,0.0]	[-0.0,0.0]	[-0.0,0.0]	[-0.0,0.0]	[-0.0,0.0]	[1.0,1.0]	[1.0,1.0]	[1.0,1.0]	[-0.0,0.0]	
Step 104: 	[-0.0,0.0]	[-0.0,0.0]	[-0.0,0.0]	[-0.0,1.0]	[-0.0,0.0]	[-0.0,0.0]	[-0.0,0.0]	[-0.0,0.0]	[-0.0,0.0]	[-0.0,0.0]	[-0.0,0.0]	[-0.0,0.0]	[-0.0,0.0]	[1.0,1.0]	[1.0,1.0]	[-0.0,0.0]	[-0.0,0.0]	
Tran 104: 	[-0.0,0.0]	[-0.0,0.0]	[-0.0,0.0]	[-0.0,1.0]	[-0.0,0.0]	[-0.0,0.0]	[-0.0,0.0]	[-0.0,0.0]	[-0.0,0.0]	[-0.0,0.0]	[-0.0,0.0]	[-0.0,0.0]	[-0.0,0.0]	[1.0,1.0]	[1.0,1.0]	[-0.0,0.0]	[-0.0,0.0]	
Tran 110: 	[-0.0,0.0]	[-0.0,0.0]	[-0.0,0.0]	[-0.0,1.0]	[-0.0,0.0]	[-0.0,0.0]	[-0.0,0.0]	[-0.0,0.0]	[-0.0,0.0]	[-0.0,0.0]	[-0.0,0.0]	[-0.0,0.0]	[-0.0,0.0]	[1.0,1.0]	[1.0,1.0]	[-0.0,0.0]	[-0.0,0.0]	
Step 103: 	[-0.0,0.0]	[-0.0,0.0]	[-0.0,0.0]	[-0.0,1.0]	[-0.0,0.0]	[-0.0,0.0]	[-0.0,0.0]	[-0.0,0.0]	[-0.0,0.0]	[-0.0,0.0]	[-0.0,0.0]	[-0.0,0.0]	[-0.0,0.0]	[-0.0,0.0]	[-0.0,0.0]	[-0.0,0.0]	[-0.0,0.0]	
Tran 107: 	[-0.0,0.0]	[-0.0,0.0]	[-0.0,0.0]	[-0.0,1.0]	[-0.0,0.0]	[-0.0,0.0]	[-0.0,0.0]	[-0.0,0.0]	[-0.0,0.0]	[-0.0,0.0]	[-0.0,0.0]	[-0.0,0.0]	[-0.0,0.0]	[1.0,1.0]	[1.0,1.0]	[1.0,1.0]	[-0.0,0.0]	
Tran 109: 	[-0.0,0.0]	[-0.0,0.0]	[-0.0,0.0]	[-0.0,1.0]	[-0.0,0.0]	[-0.0,0.0]	[-0.0,0.0]	[-0.0,0.0]	[-0.0,0.0]	[-0.0,0.0]	[-0.0,0.0]	[-0.0,0.0]	[-0.0,0.0]	[1.0,1.0]	[1.0,1.0]	[-0.0,0.0]	[-0.0,0.0]	
Step 101: 	[-0.0,0.0]	[-0.0,0.0]	[-0.0,0.0]	[-0.0,1.0]	[-0.0,0.0]	[-0.0,0.0]	[-0.0,0.0]	[-0.0,0.0]	[-0.0,0.0]	[-0.0,0.0]	[-0.0,0.0]	[-0.0,0.0]	[-0.0,0.0]	[1.0,1.0]	[1.0,1.0]	[-0.0,0.0]	[-0.0,0.0]	
Step 105: 	[-0.0,0.0]	[-0.0,0.0]	[-0.0,0.0]	[-0.0,1.0]	[-0.0,0.0]	[-0.0,0.0]	[-0.0,0.0]	[-0.0,0.0]	[-0.0,0.0]	[-0.0,0.0]	[-0.0,0.0]	[-0.0,0.0]	[-0.0,0.0]	[1.0,1.0]	[1.0,1.0]	[-0.0,0.0]	[-0.0,0.0]	
Tran 105: 	[-0.0,0.0]	[-0.0,0.0]	[-0.0,0.0]	[-0.0,1.0]	[-0.0,0.0]	[-0.0,0.0]	[-0.0,0.0]	[-0.0,0.0]	[-0.0,0.0]	[-0.0,0.0]	[-0.0,0.0]	[-0.0,0.0]	[-0.0,0.0]	[1.0,1.0]	[1.0,1.0]	[1.0,1.0]	[-0.0,0.0]	
Step 108: 	[-0.0,0.0]	[-0.0,0.0]	[-0.0,0.0]	[-0.0,1.0]	[-0.0,0.0]	[-0.0,0.0]	[-0.0,0.0]	[-0.0,0.0]	[-0.0,0.0]	[-0.0,0.0]	[-0.0,0.0]	[-0.0,0.0]	[-0.0,0.0]	[1.0,1.0]	[1.0,1.0]	[1.0,1.0]	[-0.0,0.0]	
Tran 101: 	[-0.0,0.0]	[-0.0,0.0]	[-0.0,0.0]	[1.0,1.0]	[-0.0,0.0]	[-0.0,0.0]	[-0.0,0.0]	[-0.0,0.0]	[-0.0,0.0]	[-0.0,0.0]	[-0.0,0.0]	[-0.0,0.0]	[-0.0,0.0]	[1.0,1.0]	[1.0,1.0]	[-0.0,0.0]	[-0.0,0.0]	
Tran 108: 	[-0.0,0.0]	[-0.0,0.0]	[-0.0,0.0]	[-0.0,1.0]	[-0.0,0.0]	[-0.0,0.0]	[-0.0,0.0]	[-0.0,0.0]	[-0.0,0.0]	[-0.0,0.0]	[-0.0,0.0]	[-0.0,0.0]	[-0.0,0.0]	[1.0,1.0]	[1.0,1.0]	[1.0,1.0]	[-0.0,0.0]	
Tran 102: 	[-0.0,0.0]	[-0.0,0.0]	[-0.0,0.0]	[-0.0,1.0]	[-0.0,0.0]	[-0.0,0.0]	[-0.0,0.0]	[-0.0,0.0]	[-0.0,0.0]	[-0.0,0.0]	[-0.0,0.0]	[-0.0,0.0]	[-0.0,0.0]	[-0.0,0.0]	[-0.0,0.0]	[-0.0,0.0]	[-0.0,0.0]	
Tran 106: 	[-0.0,0.0]	[-0.0,0.0]	[-0.0,0.0]	[-0.0,1.0]	[-0.0,0.0]	[-0.0,0.0]	[-0.0,0.0]	[-0.0,0.0]	[-0.0,0.0]	[-0.0,0.0]	[-0.0,0.0]	[-0.0,0.0]	[-0.0,0.0]	[1.0,1.0]	[1.0,1.0]	[1.0,1.0]	[-0.0,0.0]	
Step 110: 	[-0.0,0.0]	[-0.0,0.0]	[-0.0,0.0]	[-0.0,1.0]	[-0.0,0.0]	[-0.0,0.0]	[-0.0,0.0]	[-0.0,0.0]	[-0.0,0.0]	[-0.0,0.0]	[-0.0,0.0]	[-0.0,0.0]	[-0.0,0.0]	[1.0,1.0]	[1.0,1.0]	[-0.0,0.0]	[-0.0,0.0]	
===== GlobalGrafcet =====
===== GlobalGrafcet (0) =====
Variables: 	2s/X202	Ausloeser3	Ausloeser5	Eindruecken2	Foerderband	GUTTEIL	Handling1	Handling7	K2	K3	K51	K52	K71	K72	Kontaktierung5	Lineareinheit1	LineareinheitVor7	LineareinheitZur7	
Step 3: 	[-0.0,0.0]	[-0.0,0.0]	[-0.0,0.0]	[-0.0,0.0]	[-0.0,0.0]	[-0.0,0.0]	[-0.0,0.0]	[-0.0,0.0]	[-0.0,0.0]	[-0.0,0.0]	[-0.0,0.0]	[-0.0,0.0]	[-0.0,0.0]	[-0.0,0.0]	[-0.0,0.0]	[-0.0,0.0]	[-0.0,0.0]	[-0.0,0.0]	
Tran 5: 	[-0.0,0.0]	[-0.0,0.0]	[-0.0,0.0]	[-0.0,0.0]	[-0.0,0.0]	[-0.0,0.0]	[-0.0,0.0]	[-0.0,0.0]	[-0.0,0.0]	[-0.0,0.0]	[-0.0,0.0]	[-0.0,0.0]	[-0.0,0.0]	[-0.0,0.0]	[-0.0,0.0]	[-0.0,0.0]	[-0.0,0.0]	[-0.0,0.0]	
Tran 7: 	[-0.0,0.0]	[-0.0,0.0]	[-0.0,0.0]	[-0.0,0.0]	[-0.0,0.0]	[-0.0,0.0]	[-0.0,0.0]	[-0.0,0.0]	[-0.0,0.0]	[-0.0,0.0]	[-0.0,0.0]	[-0.0,0.0]	[-0.0,0.0]	[-0.0,0.0]	[-0.0,0.0]	[-0.0,0.0]	[-0.0,0.0]	[-0.0,0.0]	
Tran 2: 	[-0.0,0.0]	[-0.0,0.0]	[-0.0,0.0]	[-0.0,0.0]	[-0.0,0.0]	[-0.0,0.0]	[-0.0,0.0]	[-0.0,0.0]	[-0.0,0.0]	[-0.0,0.0]	[-0.0,0.0]	[-0.0,0.0]	[-0.0,0.0]	[-0.0,0.0]	[-0.0,0.0]	[-0.0,0.0]	[-0.0,0.0]	[-0.0,0.0]	
Step 4: 	[-0.0,0.0]	[-0.0,0.0]	[-0.0,0.0]	[-0.0,0.0]	[-0.0,0.0]	[-0.0,0.0]	[-0.0,0.0]	[-0.0,0.0]	[-0.0,0.0]	[-0.0,0.0]	[-0.0,0.0]	[-0.0,0.0]	[-0.0,0.0]	[-0.0,0.0]	[-0.0,0.0]	[-0.0,0.0]	[-0.0,0.0]	[-0.0,0.0]	
Tran 1: 	[-0.0,0.0]	[-0.0,0.0]	[-0.0,0.0]	[-0.0,0.0]	[-0.0,0.0]	[-0.0,0.0]	[-0.0,0.0]	[-0.0,0.0]	[-0.0,0.0]	[-0.0,0.0]	[-0.0,0.0]	[-0.0,0.0]	[-0.0,0.0]	[-0.0,0.0]	[-0.0,0.0]	[-0.0,0.0]	[-0.0,0.0]	[-0.0,0.0]	
Tran 6: 	[-0.0,0.0]	[-0.0,0.0]	[-0.0,0.0]	[-0.0,0.0]	[-0.0,0.0]	[-0.0,0.0]	[-0.0,0.0]	[-0.0,0.0]	[-0.0,0.0]	[-0.0,0.0]	[-0.0,0.0]	[-0.0,0.0]	[-0.0,0.0]	[-0.0,0.0]	[-0.0,0.0]	[-0.0,0.0]	[-0.0,0.0]	[-0.0,0.0]	
Tran 4: 	[-0.0,0.0]	[-0.0,0.0]	[-0.0,0.0]	[-0.0,0.0]	[-0.0,0.0]	[-0.0,0.0]	[-0.0,0.0]	[-0.0,0.0]	[-0.0,0.0]	[-0.0,0.0]	[-0.0,0.0]	[-0.0,0.0]	[-0.0,0.0]	[-0.0,0.0]	[-0.0,0.0]	[-0.0,0.0]	[-0.0,0.0]	[-0.0,0.0]	
Tran 3: 	[-0.0,0.0]	[-0.0,0.0]	[-0.0,0.0]	[-0.0,0.0]	[-0.0,0.0]	[-0.0,0.0]	[-0.0,0.0]	[-0.0,0.0]	[-0.0,0.0]	[-0.0,0.0]	[-0.0,0.0]	[-0.0,0.0]	[-0.0,0.0]	[-0.0,0.0]	[-0.0,0.0]	[-0.0,0.0]	[-0.0,0.0]	[-0.0,0.0]	
Tran 8: 	[-0.0,0.0]	[-0.0,0.0]	[-0.0,0.0]	[-0.0,0.0]	[-0.0,0.0]	[-0.0,0.0]	[-0.0,0.0]	[-0.0,0.0]	[-0.0,0.0]	[-0.0,0.0]	[-0.0,0.0]	[-0.0,0.0]	[-0.0,0.0]	[-0.0,0.0]	[-0.0,0.0]	[-0.0,0.0]	[-0.0,0.0]	[-0.0,0.0]	
Step 2: 	[-0.0,0.0]	[-0.0,0.0]	[-0.0,0.0]	[-0.0,0.0]	[-0.0,0.0]	[-0.0,0.0]	[-0.0,0.0]	[-0.0,0.0]	[-0.0,0.0]	[-0.0,0.0]	[-0.0,0.0]	[-0.0,0.0]	[-0.0,0.0]	[-0.0,0.0]	[-0.0,0.0]	[-0.0,0.0]	[-0.0,0.0]	[-0.0,0.0]	
Step 1: 	[-0.0,0.0]	[-0.0,0.0]	[-0.0,0.0]	[-0.0,0.0]	[-0.0,0.0]	[-0.0,0.0]	[-0.0,0.0]	[-0.0,0.0]	[-0.0,0.0]	[-0.0,0.0]	[-0.0,0.0]	[-0.0,0.0]	[-0.0,0.0]	[-0.0,0.0]	[-0.0,0.0]	[-0.0,0.0]	[-0.0,0.0]	[-0.0,0.0]	
===== GlobalGrafcet (1) =====
Variables: 	Spannen3	Spannen5	StartTeller	Station1_fertig	Station2_fertig	Station3_fertig	Station5_fertig	Station6_fertig	Station7_fertig	StempelIn6	Stoerung2	Stoessel3	Stoessel5	Vereinzelung1	VorVereinzelung1	Zange1	Zange7	
Step 3: 	[-0.0,0.0]	[-0.0,0.0]	[-0.0,0.0]	[-0.0,0.0]	[-0.0,0.0]	[-0.0,0.0]	[-0.0,0.0]	[-0.0,0.0]	[-0.0,0.0]	[-0.0,0.0]	[-0.0,0.0]	[-0.0,0.0]	[-0.0,0.0]	[-0.0,0.0]	[-0.0,0.0]	[-0.0,0.0]	[-0.0,0.0]	
Tran 5: 	[-0.0,0.0]	[-0.0,0.0]	[-0.0,0.0]	[-0.0,0.0]	[-0.0,0.0]	[-0.0,0.0]	[-0.0,0.0]	[-0.0,0.0]	[-0.0,0.0]	[-0.0,0.0]	[-0.0,0.0]	[-0.0,0.0]	[-0.0,0.0]	[-0.0,0.0]	[-0.0,0.0]	[-0.0,0.0]	[-0.0,0.0]	
Tran 7: 	[-0.0,0.0]	[-0.0,0.0]	[-0.0,0.0]	[-0.0,0.0]	[-0.0,0.0]	[-0.0,0.0]	[-0.0,0.0]	[-0.0,0.0]	[-0.0,0.0]	[-0.0,0.0]	[-0.0,0.0]	[-0.0,0.0]	[-0.0,0.0]	[-0.0,0.0]	[-0.0,0.0]	[-0.0,0.0]	[-0.0,0.0]	
Tran 2: 	[-0.0,0.0]	[-0.0,0.0]	[-0.0,0.0]	[-0.0,0.0]	[-0.0,0.0]	[-0.0,0.0]	[-0.0,0.0]	[-0.0,0.0]	[-0.0,0.0]	[-0.0,0.0]	[-0.0,0.0]	[-0.0,0.0]	[-0.0,0.0]	[-0.0,0.0]	[-0.0,0.0]	[-0.0,0.0]	[-0.0,0.0]	
Step 4: 	[-0.0,0.0]	[-0.0,0.0]	[-0.0,0.0]	[-0.0,0.0]	[-0.0,0.0]	[-0.0,0.0]	[-0.0,0.0]	[-0.0,0.0]	[-0.0,0.0]	[-0.0,0.0]	[-0.0,0.0]	[-0.0,0.0]	[-0.0,0.0]	[-0.0,0.0]	[-0.0,0.0]	[-0.0,0.0]	[-0.0,0.0]	
Tran 1: 	[-0.0,0.0]	[-0.0,0.0]	[-0.0,0.0]	[-0.0,0.0]	[-0.0,0.0]	[-0.0,0.0]	[-0.0,0.0]	[-0.0,0.0]	[-0.0,0.0]	[-0.0,0.0]	[-0.0,0.0]	[-0.0,0.0]	[-0.0,0.0]	[-0.0,0.0]	[-0.0,0.0]	[-0.0,0.0]	[-0.0,0.0]	
Tran 6: 	[-0.0,0.0]	[-0.0,0.0]	[-0.0,0.0]	[-0.0,0.0]	[-0.0,0.0]	[-0.0,0.0]	[-0.0,0.0]	[-0.0,0.0]	[-0.0,0.0]	[-0.0,0.0]	[-0.0,0.0]	[-0.0,0.0]	[-0.0,0.0]	[-0.0,0.0]	[-0.0,0.0]	[-0.0,0.0]	[-0.0,0.0]	
Tran 4: 	[-0.0,0.0]	[-0.0,0.0]	[-0.0,0.0]	[-0.0,0.0]	[-0.0,0.0]	[-0.0,0.0]	[-0.0,0.0]	[-0.0,0.0]	[-0.0,0.0]	[-0.0,0.0]	[-0.0,0.0]	[-0.0,0.0]	[-0.0,0.0]	[-0.0,0.0]	[-0.0,0.0]	[-0.0,0.0]	[-0.0,0.0]	
Tran 3: 	[-0.0,0.0]	[-0.0,0.0]	[-0.0,0.0]	[-0.0,0.0]	[-0.0,0.0]	[-0.0,0.0]	[-0.0,0.0]	[-0.0,0.0]	[-0.0,0.0]	[-0.0,0.0]	[-0.0,0.0]	[-0.0,0.0]	[-0.0,0.0]	[-0.0,0.0]	[-0.0,0.0]	[-0.0,0.0]	[-0.0,0.0]	
Tran 8: 	[-0.0,0.0]	[-0.0,0.0]	[-0.0,0.0]	[-0.0,0.0]	[-0.0,0.0]	[-0.0,0.0]	[-0.0,0.0]	[-0.0,0.0]	[-0.0,0.0]	[-0.0,0.0]	[-0.0,0.0]	[-0.0,0.0]	[-0.0,0.0]	[-0.0,0.0]	[-0.0,0.0]	[-0.0,0.0]	[-0.0,0.0]	
Step 2: 	[-0.0,0.0]	[-0.0,0.0]	[-0.0,0.0]	[-0.0,0.0]	[-0.0,0.0]	[-0.0,0.0]	[-0.0,0.0]	[-0.0,0.0]	[-0.0,0.0]	[-0.0,0.0]	[-0.0,0.0]	[-0.0,0.0]	[-0.0,0.0]	[-0.0,0.0]	[-0.0,0.0]	[-0.0,0.0]	[-0.0,0.0]	
Step 1: 	[-0.0,0.0]	[-0.0,0.0]	[-0.0,0.0]	[-0.0,0.0]	[-0.0,0.0]	[-0.0,0.0]	[-0.0,0.0]	[-0.0,0.0]	[-0.0,0.0]	[-0.0,0.0]	[-0.0,0.0]	[-0.0,0.0]	[-0.0,0.0]	[-0.0,0.0]	[-0.0,0.0]	[-0.0,0.0]	[-0.0,0.0]	
===== G7 =====
===== G7 (0) =====
Variables: 	2s/X202	Ausloeser3	Ausloeser5	Eindruecken2	Foerderband	GUTTEIL	Handling1	Handling7	K2	K3	K51	K52	K71	K72	Kontaktierung5	Lineareinheit1	LineareinheitVor7	LineareinheitZur7	
Step 705: 	[1.0,-1.0]	[1.0,-1.0]	[1.0,-1.0]	[1.0,-1.0]	[1.0,-1.0]	[1.0,-1.0]	[1.0,-1.0]	[1.0,-1.0]	[1.0,-1.0]	[1.0,-1.0]	[1.0,-1.0]	[1.0,-1.0]	[1.0,-1.0]	[1.0,-1.0]	[1.0,-1.0]	[1.0,-1.0]	[1.0,-1.0]	[1.0,-1.0]	
Step 703: 	[-0.0,0.0]	[-0.0,0.0]	[-0.0,0.0]	[-0.0,0.0]	[-0.0,0.0]	[-0.0,0.0]	[-0.0,0.0]	[1.0,1.0]	[-0.0,0.0]	[-0.0,0.0]	[-0.0,0.0]	[-0.0,0.0]	[-0.0,0.0]	[-0.0,0.0]	[-0.0,0.0]	[-0.0,0.0]	[-0.0,0.0]	[-0.0,0.0]	
Step 710: 	[-0.0,0.0]	[-0.0,0.0]	[-0.0,0.0]	[-0.0,0.0]	[-0.0,0.0]	[-0.0,0.0]	[-0.0,0.0]	[-0.0,0.0]	[-0.0,0.0]	[-0.0,0.0]	[-0.0,0.0]	[-0.0,0.0]	[-0.0,0.0]	[-0.0,0.0]	[-0.0,0.0]	[-0.0,0.0]	[-0.0,0.0]	[-0.0,0.0]	
Tran 709: 	[-0.0,0.0]	[-0.0,0.0]	[-0.0,0.0]	[-0.0,0.0]	[-0.0,0.0]	[-0.0,0.0]	[-0.0,0.0]	[-0.0,0.0]	[-0.0,0.0]	[-0.0,0.0]	[-0.0,0.0]	[-0.0,0.0]	[-0.0,0.0]	[-0.0,0.0]	[-0.0,0.0]	[-0.0,0.0]	[-0.0,0.0]	[-0.0,0.0]	
Tran 704: 	[-0.0,0.0]	[-0.0,0.0]	[-0.0,0.0]	[-0.0,0.0]	[-0.0,0.0]	[-0.0,0.0]	[-0.0,0.0]	[-0.0,0.0]	[-0.0,0.0]	[-0.0,0.0]	[-0.0,0.0]	[-0.0,0.0]	[-0.0,0.0]	[-0.0,0.0]	[-0.0,0.0]	[-0.0,0.0]	[-0.0,0.0]	[-0.0,0.0]	
Tran 706: 	[1.0,-1.0]	[1.0,-1.0]	[1.0,-1.0]	[1.0,-1.0]	[1.0,-1.0]	[1.0,-1.0]	[1.0,-1.0]	[1.0,-1.0]	[1.0,-1.0]	[1.0,-1.0]	[1.0,-1.0]	[1.0,-1.0]	[1.0,-1.0]	[1.0,-1.0]	[1.0,-1.0]	[1.0,-1.0]	[1.0,-1.0]	[1.0,-1.0]	
Step 701: 	[-0.0,0.0]	[-0.0,0.0]	[-0.0,0.0]	[-0.0,0.0]	[-0.0,0.0]	[-0.0,0.0]	[-0.0,0.0]	[-0.0,0.0]	[-0.0,0.0]	[-0.0,0.0]	[-0.0,0.0]	[-0.0,0.0]	[-0.0,0.0]	[-0.0,0.0]	[-0.0,0.0]	[-0.0,0.0]	[-0.0,0.0]	[-0.0,0.0]	
Tran 708: 	[1.0,-1.0]	[1.0,-1.0]	[1.0,-1.0]	[1.0,-1.0]	[1.0,-1.0]	[1.0,-1.0]	[1.0,-1.0]	[1.0,-1.0]	[1.0,-1.0]	[1.0,-1.0]	[1.0,-1.0]	[1.0,-1.0]	[1.0,-1.0]	[1.0,-1.0]	[1.0,-1.0]	[1.0,-1.0]	[1.0,-1.0]	[1.0,-1.0]	
Step 709: 	[-0.0,0.0]	[-0.0,0.0]	[-0.0,0.0]	[-0.0,0.0]	[-0.0,0.0]	[-0.0,0.0]	[-0.0,0.0]	[-0.0,0.0]	[-0.0,0.0]	[-0.0,0.0]	[-0.0,0.0]	[-0.0,0.0]	[-0.0,0.0]	[-0.0,0.0]	[-0.0,0.0]	[-0.0,0.0]	[-0.0,0.0]	[-0.0,0.0]	
Tran 705: 	[1.0,-1.0]	[1.0,-1.0]	[1.0,-1.0]	[1.0,-1.0]	[1.0,-1.0]	[1.0,-1.0]	[1.0,-1.0]	[1.0,-1.0]	[1.0,-1.0]	[1.0,-1.0]	[1.0,-1.0]	[1.0,-1.0]	[1.0,-1.0]	[1.0,-1.0]	[1.0,-1.0]	[1.0,-1.0]	[1.0,-1.0]	[1.0,-1.0]	
Step 702: 	[-0.0,0.0]	[-0.0,0.0]	[-0.0,0.0]	[-0.0,0.0]	[-0.0,0.0]	[-0.0,0.0]	[-0.0,0.0]	[-0.0,0.0]	[-0.0,0.0]	[-0.0,0.0]	[-0.0,0.0]	[-0.0,0.0]	[-0.0,0.0]	[-0.0,0.0]	[-0.0,0.0]	[-0.0,0.0]	[-0.0,0.0]	[-0.0,0.0]	
Tran 701: 	[-0.0,0.0]	[-0.0,0.0]	[-0.0,0.0]	[-0.0,0.0]	[-0.0,0.0]	[-0.0,0.0]	[-0.0,0.0]	[-0.0,0.0]	[-0.0,0.0]	[-0.0,0.0]	[-0.0,0.0]	[-0.0,0.0]	[-0.0,0.0]	[-0.0,0.0]	[-0.0,0.0]	[-0.0,0.0]	[-0.0,0.0]	[-0.0,0.0]	
Tran 702: 	[-0.0,0.0]	[-0.0,0.0]	[-0.0,0.0]	[-0.0,0.0]	[-0.0,0.0]	[-0.0,0.0]	[-0.0,0.0]	[1.0,1.0]	[-0.0,0.0]	[-0.0,0.0]	[-0.0,0.0]	[-0.0,0.0]	[-0.0,0.0]	[-0.0,0.0]	[-0.0,0.0]	[-0.0,0.0]	[-0.0,0.0]	[-0.0,0.0]	
Step 706: 	[1.0,-1.0]	[1.0,-1.0]	[1.0,-1.0]	[1.0,-1.0]	[1.0,-1.0]	[1.0,-1.0]	[1.0,-1.0]	[1.0,-1.0]	[1.0,-1.0]	[1.0,-1.0]	[1.0,-1.0]	[1.0,-1.0]	[1.0,-1.0]	[1.0,-1.0]	[1.0,-1.0]	[1.0,-1.0]	[1.0,-1.0]	[1.0,-1.0]	
Step 711: 	[-0.0,0.0]	[-0.0,0.0]	[-0.0,0.0]	[-0.0,0.0]	[-0.0,0.0]	[-0.0,0.0]	[-0.0,0.0]	[-0.0,0.0]	[-0.0,0.0]	[-0.0,0.0]	[-0.0,0.0]	[-0.0,0.0]	[-0.0,0.0]	[-0.0,0.0]	[-0.0,0.0]	[-0.0,0.0]	[-0.0,0.0]	[-0.0,0.0]	
Tran 712: 	[-0.0,0.0]	[-0.0,0.0]	[-0.0,0.0]	[-0.0,0.0]	[-0.0,0.0]	[-0.0,0.0]	[-0.0,0.0]	[-0.0,0.0]	[-0.0,0.0]	[-0.0,0.0]	[-0.0,0.0]	[-0.0,0.0]	[-0.0,0.0]	[-0.0,0.0]	[-0.0,0.0]	[-0.0,0.0]	[-0.0,0.0]	[-0.0,0.0]	
Tran 703: 	[-0.0,0.0]	[-0.0,0.0]	[-0.0,0.0]	[-0.0,0.0]	[-0.0,0.0]	[-0.0,0.0]	[-0.0,0.0]	[1.0,1.0]	[-0.0,0.0]	[-0.0,0.0]	[-0.0,0.0]	[-0.0,0.0]	[-0.0,0.0]	[-0.0,0.0]	[-0.0,0.0]	[-0.0,0.0]	[-0.0,0.0]	[-0.0,0.0]	
Tran 711: 	[-0.0,0.0]	[-0.0,0.0]	[-0.0,0.0]	[-0.0,0.0]	[-0.0,0.0]	[-0.0,0.0]	[-0.0,0.0]	[-0.0,0.0]	[-0.0,0.0]	[-0.0,0.0]	[-0.0,0.0]	[-0.0,0.0]	[-0.0,0.0]	[-0.0,0.0]	[-0.0,0.0]	[-0.0,0.0]	[-0.0,0.0]	[-0.0,0.0]	
Step 707: 	[1.0,-1.0]	[1.0,-1.0]	[1.0,-1.0]	[1.0,-1.0]	[1.0,-1.0]	[1.0,-1.0]	[1.0,-1.0]	[1.0,-1.0]	[1.0,-1.0]	[1.0,-1.0]	[1.0,-1.0]	[1.0,-1.0]	[1.0,-1.0]	[1.0,-1.0]	[1.0,-1.0]	[1.0,-1.0]	[1.0,-1.0]	[1.0,-1.0]	
Step 704: 	[-0.0,0.0]	[-0.0,0.0]	[-0.0,0.0]	[-0.0,0.0]	[-0.0,0.0]	[-0.0,0.0]	[-0.0,0.0]	[1.0,1.0]	[-0.0,0.0]	[-0.0,0.0]	[-0.0,0.0]	[-0.0,0.0]	[-0.0,0.0]	[-0.0,0.0]	[-0.0,0.0]	[-0.0,0.0]	[-0.0,0.0]	[-0.0,0.0]	
Step 708: 	[1.0,-1.0]	[1.0,-1.0]	[1.0,-1.0]	[1.0,-1.0]	[1.0,-1.0]	[1.0,-1.0]	[1.0,-1.0]	[1.0,-1.0]	[1.0,-1.0]	[1.0,-1.0]	[1.0,-1.0]	[1.0,-1.0]	[1.0,-1.0]	[1.0,-1.0]	[1.0,-1.0]	[1.0,-1.0]	[1.0,-1.0]	[1.0,-1.0]	
Tran 707: 	[1.0,-1.0]	[1.0,-1.0]	[1.0,-1.0]	[1.0,-1.0]	[1.0,-1.0]	[1.0,-1.0]	[1.0,-1.0]	[1.0,-1.0]	[1.0,-1.0]	[1.0,-1.0]	[1.0,-1.0]	[1.0,-1.0]	[1.0,-1.0]	[1.0,-1.0]	[1.0,-1.0]	[1.0,-1.0]	[1.0,-1.0]	[1.0,-1.0]	
Tran 710: 	[-0.0,0.0]	[-0.0,0.0]	[-0.0,0.0]	[-0.0,0.0]	[-0.0,0.0]	[-0.0,0.0]	[-0.0,0.0]	[-0.0,0.0]	[-0.0,0.0]	[-0.0,0.0]	[-0.0,0.0]	[-0.0,0.0]	[-0.0,0.0]	[-0.0,0.0]	[-0.0,0.0]	[-0.0,0.0]	[-0.0,0.0]	[-0.0,0.0]	
===== G7 (1) =====
Variables: 	Spannen3	Spannen5	StartTeller	Station1_fertig	Station2_fertig	Station3_fertig	Station5_fertig	Station6_fertig	Station7_fertig	StempelIn6	Stoerung2	Stoessel3	Stoessel5	Vereinzelung1	VorVereinzelung1	Zange1	Zange7	
Step 705: 	[1.0,-1.0]	[1.0,-1.0]	[1.0,-1.0]	[1.0,-1.0]	[1.0,-1.0]	[1.0,-1.0]	[1.0,-1.0]	[1.0,-1.0]	[1.0,-1.0]	[1.0,-1.0]	[1.0,-1.0]	[1.0,-1.0]	[1.0,-1.0]	[1.0,-1.0]	[1.0,-1.0]	[1.0,-1.0]	[1.0,-1.0]	
Step 703: 	[-0.0,0.0]	[-0.0,0.0]	[-0.0,0.0]	[-0.0,0.0]	[-0.0,0.0]	[-0.0,0.0]	[-0.0,0.0]	[-0.0,0.0]	[-0.0,1.0]	[-0.0,0.0]	[-0.0,0.0]	[-0.0,0.0]	[-0.0,0.0]	[-0.0,0.0]	[-0.0,0.0]	[-0.0,0.0]	[-0.0,0.0]	
Step 710: 	[-0.0,0.0]	[-0.0,0.0]	[-0.0,0.0]	[-0.0,0.0]	[-0.0,0.0]	[-0.0,0.0]	[-0.0,0.0]	[-0.0,0.0]	[-0.0,1.0]	[-0.0,0.0]	[-0.0,0.0]	[-0.0,0.0]	[-0.0,0.0]	[-0.0,0.0]	[-0.0,0.0]	[-0.0,0.0]	[1.0,1.0]	
Tran 709: 	[-0.0,0.0]	[-0.0,0.0]	[-0.0,0.0]	[-0.0,0.0]	[-0.0,0.0]	[-0.0,0.0]	[-0.0,0.0]	[-0.0,0.0]	[-0.0,1.0]	[-0.0,0.0]	[-0.0,0.0]	[-0.0,0.0]	[-0.0,0.0]	[-0.0,0.0]	[-0.0,0.0]	[-0.0,0.0]	[1.0,1.0]	
Tran 704: 	[-0.0,0.0]	[-0.0,0.0]	[-0.0,0.0]	[-0.0,0.0]	[-0.0,0.0]	[-0.0,0.0]	[-0.0,0.0]	[-0.0,0.0]	[-0.0,1.0]	[-0.0,0.0]	[-0.0,0.0]	[-0.0,0.0]	[-0.0,0.0]	[-0.0,0.0]	[-0.0,0.0]	[-0.0,0.0]	[1.0,1.0]	
Tran 706: 	[1.0,-1.0]	[1.0,-1.0]	[1.0,-1.0]	[1.0,-1.0]	[1.0,-1.0]	[1.0,-1.0]	[1.0,-1.0]	[1.0,-1.0]	[1.0,-1.0]	[1.0,-1.0]	[1.0,-1.0]	[1.0,-1.0]	[1.0,-1.0]	[1.0,-1.0]	[1.0,-1.0]	[1.0,-1.0]	[1.0,-1.0]	
Step 701: 	[-0.0,0.0]	[-0.0,0.0]	[-0.0,0.0]	[-0.0,0.0]	[-0.0,0.0]	[-0.0,0.0]	[-0.0,0.0]	[-0.0,0.0]	[-0.0,1.0]	[-0.0,0.0]	[-0.0,0.0]	[-0.0,0.0]	[-0.0,0.0]	[-0.0,0.0]	[-0.0,0.0]	[-0.0,0.0]	[-0.0,0.0]	
Tran 708: 	[1.0,-1.0]	[1.0,-1.0]	[1.0,-1.0]	[1.0,-1.0]	[1.0,-1.0]	[1.0,-1.0]	[1.0,-1.0]	[1.0,-1.0]	[1.0,-1.0]	[1.0,-1.0]	[1.0,-1.0]	[1.0,-1.0]	[1.0,-1.0]	[1.0,-1.0]	[1.0,-1.0]	[1.0,-1.0]	[1.0,-1.0]	
Step 709: 	[-0.0,0.0]	[-0.0,0.0]	[-0.0,0.0]	[-0.0,0.0]	[-0.0,0.0]	[-0.0,0.0]	[-0.0,0.0]	[-0.0,0.0]	[-0.0,1.0]	[-0.0,0.0]	[-0.0,0.0]	[-0.0,0.0]	[-0.0,0.0]	[-0.0,0.0]	[-0.0,0.0]	[-0.0,0.0]	[1.0,1.0]	
Tran 705: 	[1.0,-1.0]	[1.0,-1.0]	[1.0,-1.0]	[1.0,-1.0]	[1.0,-1.0]	[1.0,-1.0]	[1.0,-1.0]	[1.0,-1.0]	[1.0,-1.0]	[1.0,-1.0]	[1.0,-1.0]	[1.0,-1.0]	[1.0,-1.0]	[1.0,-1.0]	[1.0,-1.0]	[1.0,-1.0]	[1.0,-1.0]	
Step 702: 	[-0.0,0.0]	[-0.0,0.0]	[-0.0,0.0]	[-0.0,0.0]	[-0.0,0.0]	[-0.0,0.0]	[-0.0,0.0]	[-0.0,0.0]	[-0.0,1.0]	[-0.0,0.0]	[-0.0,0.0]	[-0.0,0.0]	[-0.0,0.0]	[-0.0,0.0]	[-0.0,0.0]	[-0.0,0.0]	[-0.0,0.0]	
Tran 701: 	[-0.0,0.0]	[-0.0,0.0]	[-0.0,0.0]	[-0.0,0.0]	[-0.0,0.0]	[-0.0,0.0]	[-0.0,0.0]	[-0.0,0.0]	[1.0,1.0]	[-0.0,0.0]	[-0.0,0.0]	[-0.0,0.0]	[-0.0,0.0]	[-0.0,0.0]	[-0.0,0.0]	[-0.0,0.0]	[-0.0,0.0]	
Tran 702: 	[-0.0,0.0]	[-0.0,0.0]	[-0.0,0.0]	[-0.0,0.0]	[-0.0,0.0]	[-0.0,0.0]	[-0.0,0.0]	[-0.0,0.0]	[-0.0,1.0]	[-0.0,0.0]	[-0.0,0.0]	[-0.0,0.0]	[-0.0,0.0]	[-0.0,0.0]	[-0.0,0.0]	[-0.0,0.0]	[-0.0,0.0]	
Step 706: 	[1.0,-1.0]	[1.0,-1.0]	[1.0,-1.0]	[1.0,-1.0]	[1.0,-1.0]	[1.0,-1.0]	[1.0,-1.0]	[1.0,-1.0]	[1.0,-1.0]	[1.0,-1.0]	[1.0,-1.0]	[1.0,-1.0]	[1.0,-1.0]	[1.0,-1.0]	[1.0,-1.0]	[1.0,-1.0]	[1.0,-1.0]	
Step 711: 	[-0.0,0.0]	[-0.0,0.0]	[-0.0,0.0]	[-0.0,0.0]	[-0.0,0.0]	[-0.0,0.0]	[-0.0,0.0]	[-0.0,0.0]	[-0.0,1.0]	[-0.0,0.0]	[-0.0,0.0]	[-0.0,0.0]	[-0.0,0.0]	[-0.0,0.0]	[-0.0,0.0]	[-0.0,0.0]	[-0.0,0.0]	
Tran 712: 	[-0.0,0.0]	[-0.0,0.0]	[-0.0,0.0]	[-0.0,0.0]	[-0.0,0.0]	[-0.0,0.0]	[-0.0,0.0]	[-0.0,0.0]	[-0.0,1.0]	[-0.0,0.0]	[-0.0,0.0]	[-0.0,0.0]	[-0.0,0.0]	[-0.0,0.0]	[-0.0,0.0]	[-0.0,0.0]	[-0.0,0.0]	
Tran 703: 	[-0.0,0.0]	[-0.0,0.0]	[-0.0,0.0]	[-0.0,0.0]	[-0.0,0.0]	[-0.0,0.0]	[-0.0,0.0]	[-0.0,0.0]	[-0.0,1.0]	[-0.0,0.0]	[-0.0,0.0]	[-0.0,0.0]	[-0.0,0.0]	[-0.0,0.0]	[-0.0,0.0]	[-0.0,0.0]	[1.0,1.0]	
Tran 711: 	[-0.0,0.0]	[-0.0,0.0]	[-0.0,0.0]	[-0.0,0.0]	[-0.0,0.0]	[-0.0,0.0]	[-0.0,0.0]	[-0.0,0.0]	[-0.0,1.0]	[-0.0,0.0]	[-0.0,0.0]	[-0.0,0.0]	[-0.0,0.0]	[-0.0,0.0]	[-0.0,0.0]	[-0.0,0.0]	[-0.0,0.0]	
Step 707: 	[1.0,-1.0]	[1.0,-1.0]	[1.0,-1.0]	[1.0,-1.0]	[1.0,-1.0]	[1.0,-1.0]	[1.0,-1.0]	[1.0,-1.0]	[1.0,-1.0]	[1.0,-1.0]	[1.0,-1.0]	[1.0,-1.0]	[1.0,-1.0]	[1.0,-1.0]	[1.0,-1.0]	[1.0,-1.0]	[1.0,-1.0]	
Step 704: 	[-0.0,0.0]	[-0.0,0.0]	[-0.0,0.0]	[-0.0,0.0]	[-0.0,0.0]	[-0.0,0.0]	[-0.0,0.0]	[-0.0,0.0]	[-0.0,1.0]	[-0.0,0.0]	[-0.0,0.0]	[-0.0,0.0]	[-0.0,0.0]	[-0.0,0.0]	[-0.0,0.0]	[-0.0,0.0]	[1.0,1.0]	
Step 708: 	[1.0,-1.0]	[1.0,-1.0]	[1.0,-1.0]	[1.0,-1.0]	[1.0,-1.0]	[1.0,-1.0]	[1.0,-1.0]	[1.0,-1.0]	[1.0,-1.0]	[1.0,-1.0]	[1.0,-1.0]	[1.0,-1.0]	[1.0,-1.0]	[1.0,-1.0]	[1.0,-1.0]	[1.0,-1.0]	[1.0,-1.0]	
Tran 707: 	[1.0,-1.0]	[1.0,-1.0]	[1.0,-1.0]	[1.0,-1.0]	[1.0,-1.0]	[1.0,-1.0]	[1.0,-1.0]	[1.0,-1.0]	[1.0,-1.0]	[1.0,-1.0]	[1.0,-1.0]	[1.0,-1.0]	[1.0,-1.0]	[1.0,-1.0]	[1.0,-1.0]	[1.0,-1.0]	[1.0,-1.0]	
Tran 710: 	[-0.0,0.0]	[-0.0,0.0]	[-0.0,0.0]	[-0.0,0.0]	[-0.0,0.0]	[-0.0,0.0]	[-0.0,0.0]	[-0.0,0.0]	[-0.0,1.0]	[-0.0,0.0]	[-0.0,0.0]	[-0.0,0.0]	[-0.0,0.0]	[-0.0,0.0]	[-0.0,0.0]	[-0.0,0.0]	[1.0,1.0]	
===== G6 =====
===== G6 (0) =====
Variables: 	2s/X202	Ausloeser3	Ausloeser5	Eindruecken2	Foerderband	GUTTEIL	Handling1	Handling7	K2	K3	K51	K52	K71	K72	Kontaktierung5	Lineareinheit1	LineareinheitVor7	LineareinheitZur7	
Tran 602: 	[-0.0,0.0]	[-0.0,0.0]	[-0.0,0.0]	[-0.0,0.0]	[-0.0,0.0]	[-0.0,0.0]	[-0.0,0.0]	[-0.0,0.0]	[-0.0,0.0]	[-0.0,0.0]	[-0.0,0.0]	[-0.0,0.0]	[-0.0,0.0]	[-0.0,0.0]	[-0.0,0.0]	[-0.0,0.0]	[-0.0,0.0]	[-0.0,0.0]	
Step 601: 	[1.0,-1.0]	[1.0,-1.0]	[1.0,-1.0]	[1.0,-1.0]	[1.0,-1.0]	[1.0,-1.0]	[1.0,-1.0]	[1.0,-1.0]	[1.0,-1.0]	[1.0,-1.0]	[1.0,-1.0]	[1.0,-1.0]	[1.0,-1.0]	[1.0,-1.0]	[1.0,-1.0]	[1.0,-1.0]	[1.0,-1.0]	[1.0,-1.0]	
Tran 601: 	[1.0,-1.0]	[1.0,-1.0]	[1.0,-1.0]	[1.0,-1.0]	[1.0,-1.0]	[1.0,-1.0]	[1.0,-1.0]	[1.0,-1.0]	[1.0,-1.0]	[1.0,-1.0]	[1.0,-1.0]	[1.0,-1.0]	[1.0,-1.0]	[1.0,-1.0]	[1.0,-1.0]	[1.0,-1.0]	[1.0,-1.0]	[1.0,-1.0]	
Step 602: 	[-0.0,0.0]	[-0.0,0.0]	[-0.0,0.0]	[-0.0,0.0]	[-0.0,0.0]	[-0.0,0.0]	[-0.0,0.0]	[-0.0,0.0]	[-0.0,0.0]	[-0.0,0.0]	[-0.0,0.0]	[-0.0,0.0]	[-0.0,0.0]	[-0.0,0.0]	[-0.0,0.0]	[-0.0,0.0]	[-0.0,0.0]	[-0.0,0.0]	
Step 603: 	[1.0,-1.0]	[1.0,-1.0]	[1.0,-1.0]	[1.0,-1.0]	[1.0,-1.0]	[1.0,-1.0]	[1.0,-1.0]	[1.0,-1.0]	[1.0,-1.0]	[1.0,-1.0]	[1.0,-1.0]	[1.0,-1.0]	[1.0,-1.0]	[1.0,-1.0]	[1.0,-1.0]	[1.0,-1.0]	[1.0,-1.0]	[1.0,-1.0]	
Tran 603: 	[1.0,-1.0]	[1.0,-1.0]	[1.0,-1.0]	[1.0,-1.0]	[1.0,-1.0]	[1.0,-1.0]	[1.0,-1.0]	[1.0,-1.0]	[1.0,-1.0]	[1.0,-1.0]	[1.0,-1.0]	[1.0,-1.0]	[1.0,-1.0]	[1.0,-1.0]	[1.0,-1.0]	[1.0,-1.0]	[1.0,-1.0]	[1.0,-1.0]	
===== G6 (1) =====
Variables: 	Spannen3	Spannen5	StartTeller	Station1_fertig	Station2_fertig	Station3_fertig	Station5_fertig	Station6_fertig	Station7_fertig	StempelIn6	Stoerung2	Stoessel3	Stoessel5	Vereinzelung1	VorVereinzelung1	Zange1	Zange7	
Tran 602: 	[-0.0,0.0]	[-0.0,0.0]	[-0.0,0.0]	[-0.0,0.0]	[-0.0,0.0]	[-0.0,0.0]	[-0.0,0.0]	[-0.0,0.0]	[-0.0,0.0]	[-0.0,0.0]	[-0.0,0.0]	[-0.0,0.0]	[-0.0,0.0]	[-0.0,0.0]	[-0.0,0.0]	[-0.0,0.0]	[-0.0,0.0]	
Step 601: 	[1.0,-1.0]	[1.0,-1.0]	[1.0,-1.0]	[1.0,-1.0]	[1.0,-1.0]	[1.0,-1.0]	[1.0,-1.0]	[1.0,-1.0]	[1.0,-1.0]	[1.0,-1.0]	[1.0,-1.0]	[1.0,-1.0]	[1.0,-1.0]	[1.0,-1.0]	[1.0,-1.0]	[1.0,-1.0]	[1.0,-1.0]	
Tran 601: 	[1.0,-1.0]	[1.0,-1.0]	[1.0,-1.0]	[1.0,-1.0]	[1.0,-1.0]	[1.0,-1.0]	[1.0,-1.0]	[1.0,-1.0]	[1.0,-1.0]	[1.0,-1.0]	[1.0,-1.0]	[1.0,-1.0]	[1.0,-1.0]	[1.0,-1.0]	[1.0,-1.0]	[1.0,-1.0]	[1.0,-1.0]	
Step 602: 	[-0.0,0.0]	[-0.0,0.0]	[-0.0,0.0]	[-0.0,0.0]	[-0.0,0.0]	[-0.0,0.0]	[-0.0,0.0]	[-0.0,0.0]	[-0.0,0.0]	[-0.0,0.0]	[-0.0,0.0]	[-0.0,0.0]	[-0.0,0.0]	[-0.0,0.0]	[-0.0,0.0]	[-0.0,0.0]	[-0.0,0.0]	
Step 603: 	[1.0,-1.0]	[1.0,-1.0]	[1.0,-1.0]	[1.0,-1.0]	[1.0,-1.0]	[1.0,-1.0]	[1.0,-1.0]	[1.0,-1.0]	[1.0,-1.0]	[1.0,-1.0]	[1.0,-1.0]	[1.0,-1.0]	[1.0,-1.0]	[1.0,-1.0]	[1.0,-1.0]	[1.0,-1.0]	[1.0,-1.0]	
Tran 603: 	[1.0,-1.0]	[1.0,-1.0]	[1.0,-1.0]	[1.0,-1.0]	[1.0,-1.0]	[1.0,-1.0]	[1.0,-1.0]	[1.0,-1.0]	[1.0,-1.0]	[1.0,-1.0]	[1.0,-1.0]	[1.0,-1.0]	[1.0,-1.0]	[1.0,-1.0]	[1.0,-1.0]	[1.0,-1.0]	[1.0,-1.0]	